objName,objAltName1,objAltName2,objAltName3,objID,uniquePspsOBid,ippObjID,surveyID,htmID,zoneID,tessID,projectionID,skyCellID,randomID,batchID,dvoRegionID,processingVersion,objInfoFlag,qualityFlag,raStack,decStack,raStackErr,decStackErr,raMean,decMean,raMeanErr,decMeanErr,epochMean,posMeanChisq,cx,cy,cz,lambda,beta,l,b,nStackObjectRows,nStackDetections,nDetections,ng,nr,ni,nz,ny,uniquePspsSTid,primaryDetection,bestDetection,gippDetectID,gstackDetectID,gstackImageID,gra,gdec,graErr,gdecErr,gEpoch,gPSFMag,gPSFMagErr,gApMag,gApMagErr,gKronMag,gKronMagErr,ginfoFlag,ginfoFlag2,ginfoFlag3,gnFrames,gxPos,gyPos,gxPosErr,gyPosErr,gpsfMajorFWHM,gpsfMinorFWHM,gpsfTheta,gpsfCore,gpsfLikelihood,gpsfQf,gpsfQfPerfect,gpsfChiSq,gmomentXX,gmomentXY,gmomentYY,gmomentR1,gmomentRH,gPSFFlux,gPSFFluxErr,gApFlux,gApFluxErr,gApFillFac,gApRadius,gKronFlux,gKronFluxErr,gKronRad,gexpTime,gExtNSigma,gsky,gskyErr,gzp,gPlateScale,rippDetectID,rstackDetectID,rstackImageID,rra,rdec,rraErr,rdecErr,rEpoch,rPSFMag,rPSFMagErr,rApMag,rApMagErr,rKronMag,rKronMagErr,rinfoFlag,rinfoFlag2,rinfoFlag3,rnFrames,rxPos,ryPos,rxPosErr,ryPosErr,rpsfMajorFWHM,rpsfMinorFWHM,rpsfTheta,rpsfCore,rpsfLikelihood,rpsfQf,rpsfQfPerfect,rpsfChiSq,rmomentXX,rmomentXY,rmomentYY,rmomentR1,rmomentRH,rPSFFlux,rPSFFluxErr,rApFlux,rApFluxErr,rApFillFac,rApRadius,rKronFlux,rKronFluxErr,rKronRad,rexpTime,rExtNSigma,rsky,rskyErr,rzp,rPlateScale,iippDetectID,istackDetectID,istackImageID,ira,idec,iraErr,idecErr,iEpoch,iPSFMag,iPSFMagErr,iApMag,iApMagErr,iKronMag,iKronMagErr,iinfoFlag,iinfoFlag2,iinfoFlag3,inFrames,ixPos,iyPos,ixPosErr,iyPosErr,ipsfMajorFWHM,ipsfMinorFWHM,ipsfTheta,ipsfCore,ipsfLikelihood,ipsfQf,ipsfQfPerfect,ipsfChiSq,imomentXX,imomentXY,imomentYY,imomentR1,imomentRH,iPSFFlux,iPSFFluxErr,iApFlux,iApFluxErr,iApFillFac,iApRadius,iKronFlux,iKronFluxErr,iKronRad,iexpTime,iExtNSigma,isky,iskyErr,izp,iPlateScale,zippDetectID,zstackDetectID,zstackImageID,zra,zdec,zraErr,zdecErr,zEpoch,zPSFMag,zPSFMagErr,zApMag,zApMagErr,zKronMag,zKronMagErr,zinfoFlag,zinfoFlag2,zinfoFlag3,znFrames,zxPos,zyPos,zxPosErr,zyPosErr,zpsfMajorFWHM,zpsfMinorFWHM,zpsfTheta,zpsfCore,zpsfLikelihood,zpsfQf,zpsfQfPerfect,zpsfChiSq,zmomentXX,zmomentXY,zmomentYY,zmomentR1,zmomentRH,zPSFFlux,zPSFFluxErr,zApFlux,zApFluxErr,zApFillFac,zApRadius,zKronFlux,zKronFluxErr,zKronRad,zexpTime,zExtNSigma,zsky,zskyErr,zzp,zPlateScale,yippDetectID,ystackDetectID,ystackImageID,yra,ydec,yraErr,ydecErr,yEpoch,yPSFMag,yPSFMagErr,yApMag,yApMagErr,yKronMag,yKronMagErr,yinfoFlag,yinfoFlag2,yinfoFlag3,ynFrames,yxPos,yyPos,yxPosErr,yyPosErr,ypsfMajorFWHM,ypsfMinorFWHM,ypsfTheta,ypsfCore,ypsfLikelihood,ypsfQf,ypsfQfPerfect,ypsfChiSq,ymomentXX,ymomentXY,ymomentYY,ymomentR1,ymomentRH,yPSFFlux,yPSFFluxErr,yApFlux,yApFluxErr,yApFillFac,yApRadius,yKronFlux,yKronFluxErr,yKronRad,yexpTime,yExtNSigma,ysky,yskyErr,yzp,yPlateScale,distance,SkyMapper_StarClass,gelong,g_a,g_b,g_pa,relong,r_a,r_b,r_pa,ielong,i_a,i_b,i_pa,zelong,z_a,z_b,z_pa,NED_name,NED_type,NED_vel,NED_redshift,NED_mag,NED_redshift_flag,g-r,r-i,i-z,z-y,g-rErr,r-iErr,i-zErr,z-yErr,gApMag_gKronMag,rApMag_rKronMag,iApMag_iKronMag,zApMag_zKronMag,yApMag_yKronMag,7DCD,hasSimbad
PSO J175313.025+424624.389,,,,159322683043038662,963438000002143,255559144048734,0,14363183848405,15932,1,2208,68,0.653087415409356,963438,59502,3,436527104,52,268.30427112,42.77344159,0.0010000000474974,0.0010000000474974,268.30426142,42.77344553,0.0073199998587369,0.0084100002422928,56403.17555556,0.8621000051498413,-0.021721777493919,-0.733723216814886,0.6791011747076576,266.9150907086027,66.19457870912483,69.14646696986131,28.28382500135675,,5,83,8,8,45,14,8,1144648000000080,1,1,1560,2523000252324120088,3667403,268.30426942,42.7734563,0.0172520000487566,0.0170808993279933,56068.0502739,20.75749969482422,0.0244689993560314,20.7726993560791,0.0066990000195801,20.866300582885746,0.0352470017969608,262144005,524416,196608,8,647.1119995117188,5754.64990234375,0.0690080001950264,0.068323403596878,1.3413599729537964,1.3136500120162964,-36.13199996948242,0.2849979996681213,-0.577888011932373,0.9983270168304444,0.9983270168304444,1.5226399898529053,0.2129240036010742,0.0111763998866081,0.2336059957742691,0.996059000492096,0.7906860113143921,1.8071199519908987e-05,4.421839889801049e-07,1.7820300854509696e-05,1.193789955777902e-07,0.902191996574402,3.25,1.634799991734326e-05,5.762240107287653e-07,2.490149974822998,473.0,-0.5564720034599304,1.1035200309095217e-08,6.110209938015032e-07,25.010499954223633,0.25,1560,2523000463582823960,3668190,268.30427509,42.77344159,0.0092394202947616,0.0092507200315594,55929.6946975,20.19700050354004,0.0164230000227689,20.308900833129883,0.0046780002303421,20.38360023498535,0.0233720000833272,262144069,524416,196608,6,647.0449829101562,5754.419921875,0.03695759922266,0.0370027981698513,1.125100016593933,1.082919955253601,49.018798828125,0.2798799872398376,-0.1732099950313568,0.9977269768714904,0.9977269768714904,1.3470300436019895,0.1513449996709823,0.007054170127958,0.1536539942026138,0.8372880220413208,0.7086049914360046,3.0283499654615295e-05,4.973339855496306e-07,2.731849963311106e-05,1.2779599956047605e-07,0.8839020133018494,2.7500100135803223,2.5502200514893048e-05,5.960329758636362e-07,2.0932199954986572,640.0,-1.3619600534439087,8.067869927685933e-09,7.222320164146367e-07,25.02199935913086,0.2500010132789612,1560,2523001675300472344,3672704,268.30427112,42.77343814,0.0043753301724791,0.0042521799914538,56483.0735722,20.02560043334961,0.0075830002315342,20.092599868774418,0.0020029998850077,20.200899124145508,0.0121280001476407,262144069,524416,196608,40,647.06298828125,5754.3798828125,0.0175013002008199,0.0170086994767189,1.0425100326538086,1.0129300355911257,9.604780197143556,0.6528649926185608,-0.0576352998614311,0.9974319934844972,0.9974319934844972,1.2497800588607788,0.1491529941558838,0.0021595798898488,0.147038996219635,0.8839629888534546,0.7799839973449707,3.546029984136112e-05,2.688919948923285e-07,3.3338401408400387e-05,6.67638033746698e-08,0.8865320086479187,2.75,3.0175600841175765e-05,3.659760068330798e-07,2.2099099159240723,2910.0,-1.898460030555725,-2.331669968214101e-08,4.053769941947394e-07,25.014799118041992,0.25,1560,2523001724424160792,3672887,268.30428706,42.77343819,0.0119511997327208,0.0122656002640724,55873.7635283,19.95009994506836,0.0219909995794296,20.01300048828125,0.004224999807775,20.172100067138672,0.0381029993295669,262144069,524416,196608,12,646.9030151367188,5754.39013671875,0.0478048995137214,0.0490625016391277,0.9970790147781372,0.9658340215682985,-80.50789642333984,0.7400500178337097,-0.06058020144701,0.9981679916381836,0.9981679916381836,1.2811299562454224,0.1420599967241287,-0.0058888997882604,0.1444080024957656,0.8623470067977905,0.742883026599884,3.80156998289749e-05,8.36009007798566e-07,3.587410174077377e-05,1.515739995738841e-07,0.8839020133018494,2.75,3.098620072705671e-05,1.1806799875557772e-06,2.155869960784912,600.0,-1.8765499591827393,2.78872995806978e-08,1.405079956384725e-06,25.03059959411621,0.25,1560,2522999954897634840,3666295,268.30426099,42.77345077,0.0170703008770942,0.0163161996752023,56085.8265796,19.999799728393555,0.0457569994032382,20.153099060058594,0.0042059998959302,20.292400360107425,0.0751909986138343,195035141,524416,196608,13,647.1749877929688,5754.56005859375,0.0682813003659248,0.0652647018432617,0.8859540224075317,0.8526049852371216,5.1249799728393555,0.9990820288658142,-0.130291998386383,0.997448980808258,0.997448980808258,1.1989799737930298,0.0997845008969307,0.0052331900224089,0.1176100000739097,0.693822979927063,0.5938889980316162,3.631419895100407e-05,1.6616199900454376e-06,3.153360012220219e-05,1.3261499987038405e-07,0.8606160283088684,2.25,2.7735199182643555e-05,2.0854299691563938e-06,1.7345600128173828,710.0,-1.5129499435424805,-2.2508400476795032e-08,2.7751400466513587e-06,25.07320022583008,0.25,0.0152355336860743,,,,,,,,,,,,,,,,,,,,,,,,0.46379852294921875,0.2163009643554652,0.07959938049316762,-0.14009857177734375,0.008170696874649977,0.005088781258260331,0.0046757493426230244,0.005961632201022102,-0.09360122680664418,-0.07469940185546875,-0.1082992553710902,-0.15909957885742188,-0.13930130004883168,5.008290958719452,0
PSO J175311.716+424637.372,,,,159332682988323065,963438000002044,255559144048635,0,14363183863164,15933,1,2208,68,0.707696072485015,963438,59502,3,436527104,52,268.29881687,42.77704778,0.0010000000474974,0.0010000000474974,268.29880671,42.77702604,0.007759999949485,0.005210000090301,56385.98255787,1.194599986076355,-0.0217903698820357,-0.733678724612381,0.6791470450731225,266.9049154713334,66.19804073141694,69.14950069524465,28.288484869891672,,10,94,5,10,48,16,15,1144648000000071,1,1,1675,2523000252324120203,3667403,268.29878596,42.77703842,0.0420955009758472,0.0394553989171981,56068.0502739,22.10700035095215,0.0745759978890419,22.122800827026367,0.0124749997630715,22.207700729370117,0.1113890036940574,195035141,655360,196608,9,704.0700073242188,5807.419921875,0.1683820039033889,0.1578219980001449,1.3414100408554075,1.3144999742507937,-35.964698791503906,0.2921110093593597,0.970341980457306,0.9979249835014344,0.9979249835014344,1.35479998588562,0.1890289932489395,0.0216598995029926,0.2327709943056106,0.9993789792060852,0.7211080193519592,5.214189968683058e-06,3.88851987054295e-07,5.138980213814648e-06,6.41076027818599e-08,0.9003080129623413,3.25,4.752660061058123e-06,5.293960043672996e-07,2.4984500408172607,473.0,0.0371787995100021,8.3898603620014e-09,6.129329790383053e-07,25.010499954223633,0.25,1675,2523000463582824075,3668190,268.29881864,42.77702901,0.0156325995922088,0.0155950998887419,55929.6946975,20.96500015258789,0.0276950001716613,21.016300201416016,0.0064799999818205,21.079500198364254,0.0403149984776973,262144069,524416,196608,7,703.7160034179688,5807.259765625,0.0625301972031593,0.0623803995549678,1.1216200590133667,1.0798699855804443,49.8026008605957,0.2811979949474334,0.6552860140800476,0.9988750219345092,0.9988750219345092,1.3403799533843994,0.1764809936285019,0.0031154099851846,0.1627109944820404,0.8433979749679565,0.7917330265045166,1.4927400115993804e-05,4.13408997701481e-07,1.4238599760574289e-05,9.22620984056266e-08,0.8891630172729492,2.7500100135803223,1.3434199900075328e-05,5.415980126599607e-07,2.1085000038146973,640.0,0.4464299976825714,1.0705499597918332e-08,7.19721981568e-07,25.02199935913086,0.2500010132789612,1675,2523001675300472459,3672704,268.29881631,42.77702336,0.0032862899824976,0.0031893600244075,56483.0735722,19.678199768066406,0.0057149999774992,19.716100692749023,0.0016840000171214,19.80929946899414,0.009804000146687,262144005,524416,196608,40,703.7169799804688,5807.18017578125,0.0131451999768614,0.0127574000507593,1.0425100326538086,1.0129300355911257,9.604780197143556,0.6528649926185608,-0.2373780012130737,0.9982879757881165,0.9982879757881165,1.2037299871444702,0.1538510024547577,0.0003971899859607,0.1487880051136016,1.001170039176941,0.7974569797515869,4.8833800974534824e-05,2.7908799893339165e-07,4.715759860118851e-05,7.940440127640613e-08,0.8865320086479187,2.75,4.3279800593154505e-05,4.242959903422161e-07,2.5029098987579346,2910.0,-1.181570053100586,-2.3584400210552303e-08,4.068170085247403e-07,25.014799118041992,0.25,1675,2523001724424160907,3672887,268.29882144,42.77701852,0.0057824100367724,0.0059834602288901,55873.7635283,19.08550071716309,0.0108300000429153,19.108699798583984,0.0027860000263899,19.211999893188477,0.0166149996221065,262144005,524416,196608,12,703.6719970703125,5807.1201171875,0.0231296997517347,0.0239339005202054,0.9959710240364076,0.9634090065956116,-80.58979797363281,0.7426829934120178,-0.7203270196914673,0.9977549910545348,0.9977549910545348,1.3609100580215454,0.1498309969902038,-0.0001543010002933,0.1502899974584579,0.9138010144233704,0.7798910140991211,8.429389708908275e-05,9.128809779213044e-07,8.251109829870984e-05,2.298740042760983e-07,0.8865320086479187,2.75,7.502610242227092e-05,1.2465800409700023e-06,2.2844998836517334,600.0,-0.358022004365921,1.8790199618479164e-08,1.4087700037634932e-06,25.03059959411621,0.25,1675,2522999954897634955,3666295,268.29881642,42.77702471,0.0080441301688551,0.0077370000071823,56085.8265796,18.844900131225582,0.0156629998236894,18.883899688720703,0.0023439999204128,19.065500259399418,0.0254190005362033,262144069,524416,196608,15,703.7239990234375,5807.18994140625,0.0321764983236789,0.0309480000287294,0.8869420289993286,0.853879988193512,4.738870143890381,0.9944689869880676,-0.2026139944791793,0.9976829886436462,0.9976829886436462,1.1308000087738037,0.1180839985609054,-3.479979932308197e-05,0.1043509989976883,0.7763980031013489,0.6904690265655518,0.0001052099978551,1.647870021770359e-06,0.0001014890003716,2.379120047635297e-07,0.8684750199317932,2.25,8.586230251239613e-05,2.182569915021304e-06,1.940999984741211,710.0,-1.2741400003433228,-2.1107799952346795e-08,2.763519887594157e-06,25.07320022583008,0.25,0.0129794483721458,,,,,,,,,,,,,,,,,,WISEA J175311.73+424637.2,IrS,,,,,1.1065006256103516,1.3001995086669922,0.6074008941650391,0.22480010986328125,0.014057596482081412,0.006695241281840301,0.0032554035394570364,0.0036408971111444137,-0.08489990234375,-0.06319999694823863,-0.09319877624511719,-0.10330009460449219,-0.1816005706787145,0.057060792109724506,0
PSO J175313.613+424628.898,,,,159332683066940263,963438000036971,255559144083564,0,14363180426897,15933,1,2208,68,0.0781424763408885,963438,59502,3,436527104,52,268.30672115,42.77469405,0.0010000000474974,0.0010000000474974,268.30669758,42.77469678,0.0175500009208917,0.017740000039339,56466.70872685,1.2496000528335571,-0.0216901420495177,-0.7337093155363922,0.6791172049307768,266.91942895206444,66.19588154119529,69.1482784807843,28.282335509752674,,5,69,0,9,43,12,5,1144648000001115,1,1,1505,2523000252324120033,3667403,268.30670822,42.77475205,0.1007750034332275,0.0944546982645988,56068.0502739,22.99690055847168,0.1785320043563842,23.21579933166504,0.02063599973917,,,186646529,655360,196608,8,620.9550170898438,5772.7998046875,0.4031000137329101,0.3778190016746521,1.3418999910354614,1.3138699531555176,-36.35979843139648,0.2817980051040649,0.639868974685669,0.9735559821128844,0.9735559821128844,1.464079976081848,0.2768220007419586,-0.0174515005201101,0.1010920032858848,,0.3006219863891601,2.2975000320002437e-06,4.1017699459189316e-07,1.8780100390358712e-06,3.8754301101562305e-08,0.4821740090847015,3.25,,,,473.0,0.4678829908370971,1.179170006082586e-08,6.140559776213195e-07,25.010499954223633,0.25,1505,2523000463582823905,3668190,268.30672274,42.77469405,0.0260467007756233,0.0244539994746446,55929.6946975,21.758100509643555,0.0544219985604286,21.56999969482422,0.008360999636352,21.66629981994629,0.0829859972000122,195035141,524288,196608,8,620.8070068359375,5771.93994140625,0.1041869968175888,0.097815603017807,1.1263600587844849,1.0839500427246094,48.67940139770508,0.2798349857330322,0.0453404001891613,0.9983360171318054,0.9983360171318054,1.3271900415420532,0.1785549968481063,-0.019532099366188,0.1953310072422027,1.0226000547409058,0.6824790239334106,7.19027002560324e-06,3.913110049325042e-07,8.551030077796895e-06,7.149880332235625e-08,0.8944240212440491,2.7500100135803223,7.824680324119981e-06,6.493389719253173e-07,2.55649995803833,640.0,2.0014801025390625,1.0679699791182884e-08,7.233250016724924e-07,25.02199935913086,0.2500010132789612,1505,2523001675300472289,3672704,268.30670965,42.77469236,0.0070617799647152,0.0068090800195932,56483.0735722,20.86240005493164,0.015659000724554,20.56529998779297,0.0024900001008063,20.64620018005371,0.0230550002306699,262160391,524416,196608,37,620.9199829101562,5771.93017578125,0.0282470993697643,0.0272362995892763,1.0425100326538086,1.0129300355911257,9.604780197143556,0.6528649926185608,7.172640057240341e-16,0.9982110261917114,0.9982110261917114,1.3409600257873535,0.2010030001401901,-0.0002575000107754,0.1908549964427948,1.0765999555587769,0.8610429763793945,1.6406900613219477e-05,2.569140065133979e-07,2.1572099285549484e-05,5.370489830625048e-08,0.8917940258979797,2.75,2.0022100216010585e-05,4.616049977812509e-07,2.691499948501587,2910.0,8.067540168762207,-2.1343700140619152e-08,4.073989998687466e-07,25.014799118041992,0.25,1505,2523001724424160737,3672887,268.30673871,42.77469525,0.0155621999874711,0.0146378995850682,55873.7635283,20.493000030517575,0.0350079983472824,20.24880027770996,0.0047100000083446,20.328699111938477,0.0498589985072612,262160391,524416,196608,13,620.6199951171875,5771.97021484375,0.0622487999498844,0.0585516989231109,0.997484028339386,0.9667230248451232,-80.55069732666016,0.7400109767913818,1.779329977580346e-05,0.9981989860534668,0.9981989860534668,1.274999976158142,0.1928039938211441,-0.0007343760225921,0.1913260072469711,0.9988290071487428,0.8406299948692322,2.3057800717651844e-05,8.072170203377027e-07,2.887330083467532e-05,1.359820060997663e-07,0.8891630172729492,2.75,2.6824800443137065e-05,1.3374700529311667e-06,2.497070074081421,600.0,4.290919780731201,2.8121899475763712e-08,1.4061199635762025e-06,25.03059959411621,0.25,1505,2522999954897634785,3666295,268.30672115,42.77467606,0.0237328000366687,0.0226843003183603,56085.8265796,20.427200317382812,0.0636150017380714,20.220300674438477,0.0043379999697208,20.42650032043457,0.0915049985051155,195035141,655360,196608,12,620.81201171875,5771.68017578125,0.0949312001466751,0.0907372012734413,0.8856899738311768,0.852262020111084,5.227270126342773,1.0003199577331543,0.1027740016579628,0.9983819723129272,0.9983819723129272,1.1785600185394287,0.1447129994630813,0.0078686801716685,0.1179329976439476,0.7930819988250732,0.6881309747695923,2.4497199774486944e-05,1.5583999584123376e-06,2.9641099899890833e-05,1.285740012235692e-07,0.8724049925804138,2.25,2.451289947202895e-05,2.243049948447151e-06,1.982710003852844,710.0,1.6315499544143677,-1.671769922495514e-08,2.7808900995296426e-06,25.07320022583008,0.25,0.0138516945110645,,,,,,,,,,,,,,,,,,WISEA J175313.59+424628.8,IrS,,,,,1.6457996368408203,1.00469970703125,0.3164997100830078,0.028499603271484375,0.022265462046723906,0.008723899095077479,0.005327682477458798,0.006403307256090699,,-0.09630012512207031,-0.08090019226074219,-0.07989883422851562,-0.20619964599609375,15.700374644745052,0
PSO J175313.929+424653.131,,,,159332683079848341,963438000002219,255559144048810,0,14363180408740,15933,1,2208,68,0.661074841079372,963438,59502,3,168091648,20,268.30804062,42.78142528,0.0010000000474974,0.0010000000474974,268.30802338,42.78143004,0.0075099999085068,0.0072300001047551,56363.72402778,1.023300051689148,-0.0216708077337826,-0.7336300387759933,0.6792034616355397,266.9213535222448,66.2026402790851,69.15598734177544,28.282781390511087,,9,76,0,10,40,15,11,1144648000000094,1,1,1461,2523000252324119989,3667403,268.30803438,42.78142513,0.1674010008573532,0.1569020003080368,56068.0502739,23.16449928283691,0.2965649962425232,22.999500274658203,0.0186790004372596,,,186646529,655364,65536,3,605.031982421875,5868.6298828125,0.6696029901504517,0.627606987953186,1.3419899940490725,1.3137500286102295,-36.43230056762695,0.2798230051994324,,0.9719589948654176,0.9719589948654176,1.671180009841919,,,,,,1.9688600332301576e-06,5.838949732606125e-07,2.291990085723228e-06,4.2813198319890944e-08,0.4821740090847015,3.25,,,,473.0,,1.0673700145957811e-08,6.224179855962575e-07,25.010499954223633,0.25,1461,2523000463582823861,3668190,268.30805684,42.78142543,0.0204202998429536,0.0207329001277685,55929.6946975,21.31629943847656,0.0351720005273819,21.44300079345703,0.0078859999775886,21.486799240112305,0.05485700070858,262144005,655488,196608,9,604.7839965820312,5868.60986328125,0.0816811025142669,0.0829313993453979,1.1272799968719482,1.08473002910614,48.46689987182617,0.279570996761322,-0.1135659962892532,0.9991499781608582,0.9991499781608582,1.2803000211715698,0.1492619961500167,0.0112378997728228,0.1555400043725967,0.8348100185394287,0.7719240188598633,1.080109996109968e-05,3.79895993773971e-07,9.612050234864e-06,7.580489835845583e-08,0.8891630172729492,2.7500100135803223,9.23135030461708e-06,5.0640397830648e-07,2.0870299339294434,640.0,-1.582370042800903,2.09936992234816e-08,7.242230140036554e-07,25.02199935913086,0.2500010132789612,1461,2523001675300472245,3672704,268.3080291,42.78142607,0.0038483699318021,0.0037422799505293,56483.0735722,19.88479995727539,0.006703000050038,19.92009925842285,0.0018500000005587,19.95560073852539,0.0116419997066259,262144005,524416,196608,40,605.052001953125,5868.6298828125,0.0153935002163052,0.0149691002443432,1.0425100326538086,1.0129300355911257,9.604780197143556,0.6528649926185608,-0.9068419933319092,0.997756004333496,0.997756004333496,1.3344299793243408,0.1575720012187957,0.0005759560153819,0.1537079960107803,1.0654699802398682,0.805042028427124,4.037389953737147e-05,2.706439943267469e-07,3.90819986932911e-05,7.228639731238219e-08,0.8865320086479187,2.75,3.782299972954206e-05,4.403399884722603e-07,2.663680076599121,2910.0,-0.1170220002532005,-1.6670799851681295e-08,4.136699942591804e-07,25.014799118041992,0.25,1461,2523001724424160693,3672887,268.3080416,42.78142423,0.0068326499313116,0.0070310798473656,55873.7635283,19.18589973449707,0.0126470001414418,19.240800857543945,0.0029609999619424,19.358800888061523,0.0211929995566606,262144069,524416,196608,12,604.927978515625,5868.6201171875,0.0273305997252464,0.0281243994832038,0.9977710247039796,0.9673519730567932,-80.5427017211914,0.7395039796829224,-0.1492280066013336,0.9982089996337892,0.9982089996337892,1.314650058746338,0.1405349969863891,0.0010949899442493,0.143786996603012,0.9167109727859496,0.7466109991073608,7.684990123379976e-05,9.719529998619691e-07,7.305879989871755e-05,2.1630700075547793e-07,0.8865320086479187,2.75,6.553749699378386e-05,1.3889299452785051e-06,2.2917799949645996,600.0,-1.4422600269317627,1.8374700871959252e-08,1.4157000123304897e-06,25.03059959411621,0.25,1461,2522999954897634741,3666295,268.30803786,42.7814244,0.0093458797782659,0.0089042102918028,56085.8265796,18.908899307250977,0.018232999369502,18.972999572753903,0.0024419999681413,19.117900848388672,0.0290810000151395,262144069,524416,196608,11,604.968017578125,5868.60009765625,0.0373835004866123,0.0356169007718563,0.8856899738311768,0.852262020111084,5.227270126342773,1.0003199577331543,-0.5317209959030151,0.9973289966583252,0.9973289966583252,1.1956199407577517,0.1155039966106414,0.0019684000872075,0.1063859984278678,0.8084849715232849,0.7107179760932922,9.918169962475076e-05,1.808390038604557e-06,9.349999891128392e-05,2.283560007754204e-07,0.8606160283088684,2.25,8.1816797319334e-05,2.3793299988028593e-06,2.021209955215454,710.0,-0.6253809928894043,2.2014801093206415e-09,2.7811399831989547e-06,25.07320022583008,0.25,0.0071561701495547,,,,,,,,,,,,,,,,,,,,,,,,1.5564994812011719,1.5229015350341797,0.6792984008789062,0.2678012847900426,0.020275454445749713,0.00810009232346117,0.003491421025412158,0.003838083456495573,,-0.04379844665527344,-0.03550148010253906,-0.11800003051757812,-0.14490127563476918,11.126799017963814,0
PSO J175315.176+424653.982,,,,159332683131838589,963438000002337,255559144048928,0,14363180460095,15933,1,2208,68,0.106234676303561,963438,59502,3,436527104,52,268.31325309,42.78165723,0.0010000000474974,0.0010000000474974,268.31323429,42.78166171,0.0117600001394748,0.0118399998173117,56476.3469213,0.9757999777793884,-0.0216040049611592,-0.7336292615383033,0.6792064292867095,266.93081123779,66.20298300255071,69.15714627102896,28.27908826595812,,8,67,0,7,40,14,6,1144648000000109,1,1,1328,2523000252324119856,3667403,268.31325158,42.78165624,0.515192985534668,0.4828810095787048,56068.0502739,24.48189926147461,0.9127079844474792,,0.017060000449419,,,186646529,655364,196608,4,549.8060302734375,5870.85986328125,2.060770034790039,1.9315299987792969,1.3422900438308716,1.3133000135421753,-36.677101135253906,0.2729699909687042,,0.9738079905509948,0.9738079905509948,2.528549909591675,,,,,,5.851130140399619e-07,5.340369853001903e-07,-2.6120399070350686e-06,4.4561200951420694e-08,0.4821740090847015,3.25,,,,473.0,,1.1400199895206242e-08,6.242240147003031e-07,25.010499954223633,0.25,1328,2523000463582823728,3668190,268.31326708,42.78166693,0.0270477999001741,0.0253938008099794,55929.6946975,21.76759910583496,0.0565139986574649,21.758699417114254,0.0091209998354315,21.819400787353516,0.0915860012173652,195035141,655360,196608,8,549.6290283203125,5870.990234375,0.1081909984350204,0.1015750020742416,1.1304500102996826,1.0874199867248535,47.74869918823242,0.2786639928817749,0.8743000030517578,0.9983090162277222,0.9983090162277222,1.5307600498199463,0.1815010011196136,-0.0095391301438212,0.135793000459671,0.8827030062675476,0.6898080110549927,7.12767996446928e-06,4.0281298652189435e-07,7.1863801167637575e-06,6.554569864647419e-08,0.8891630172729492,2.7500100135803223,6.795490207878174e-06,6.22370009750739e-07,2.2067599296569824,640.0,0.1581999957561493,2.3335200438623364e-08,7.253830176523479e-07,25.02199935913086,0.2500010132789612,1328,2523001675300472112,3672704,268.31324514,42.78165491,0.0078083998523652,0.0076088001951575,56483.0735722,20.690000534057617,0.0134600000455975,20.79509925842285,0.002767999889329,20.826900482177734,0.022792000323534,262144005,524416,196608,38,549.8389892578125,5870.830078125,0.031233599409461,0.0304352007806301,1.0425100326538086,1.0129300355911257,9.604780197143556,0.6528649926185608,-0.5072789788246155,0.9985719919204712,0.9985719919204712,1.285889983177185,0.1572059988975525,0.0034400799777358,0.1474629938602447,0.929843008518219,0.759198009967804,1.923019954119809e-05,2.588309939710598e-07,1.7456499335821718e-05,4.8311200373518666e-08,0.8944240212440491,2.75,1.6952399164438248e-05,3.863779909352161e-07,2.3246099948883057,2910.0,-0.6630809903144836,-1.4193600073042491e-08,4.1549600382495555e-07,25.014799118041992,0.25,1328,2523001724424160560,3672887,268.31323508,42.78164283,0.0173863992094993,0.0163538008928298,55873.7635283,20.126100540161133,0.0391120016574859,20.16659927368164,0.0045349998399615,20.28420066833496,0.058738000690937,195035141,524416,196608,5,549.9569702148438,5870.669921875,0.0695457980036735,0.0654153972864151,0.9987720251083374,0.9695420265197754,-80.51360321044922,0.7377369999885559,-0.3254329860210418,0.9982249736785888,0.9982249736785888,1.3928600549697876,0.1422919929027557,-0.0065098297782242,0.1515789926052093,0.8217729926109314,0.7121120095252991,3.2325799111276865e-05,1.2643299669434782e-06,3.1143699743552133e-05,1.41227999961302e-07,0.8891630172729492,2.75,2.794590000121389e-05,1.64148002568254e-06,2.0544300079345703,600.0,-0.9833549857139589,1.9693699115919117e-08,1.4179399840941187e-06,25.03059959411621,0.25,1328,2522999954897634608,3666295,268.3132666,42.78165745,0.0175391994416713,0.0167642999440431,56085.8265796,20.032499313354492,0.0470140017569065,20.100400924682617,0.0041049998253583,20.34670066833496,0.0781010016798973,195035141,655360,196608,11,549.6199951171875,5870.85009765625,0.0701567977666854,0.0670572966337204,0.8856899738311768,0.852262020111084,5.227270126342773,1.0003199577331543,-0.0590991005301475,0.9979709982872008,0.9979709982872008,1.1717100143432615,0.0984900966286659,-0.0009656560141593,0.1074279993772506,0.7191789746284485,0.610755980014801,3.523689883877523e-05,1.6566100384807214e-06,3.310169995529577e-05,1.3587199987341594e-07,0.8645449876785278,2.25,2.6383699150756e-05,2.0606000816769665e-06,1.797950029373169,710.0,-1.8874499797821045,8.577059951164756e-09,2.789249947454664e-06,25.07320022583008,0.25,0.0082829529485496,,,,,,,,,,,,,,,,,,,,,,,,,0.9636001586914027,0.6284999847412109,0.06619834899902344,0.019345186825981235,0.009531760665546885,0.005313007334436514,0.0061169638804428545,,-0.060701370239261365,-0.03180122375488281,-0.11760139465332031,-0.24629974365234375,,0
PSO J175315.552+424648.281,,,,159332683147376719,963438000037819,255559144084412,0,14363180462444,15933,1,2208,68,0.0813805815590365,963438,59502,3,436527104,52,268.31482455,42.78006022,0.0010000000474974,0.0010000000474974,268.31480058,42.78007832,0.0561800003051757,0.0754000023007392,56292.85835648,1.2454999685287476,-0.0215845017746262,-0.7336486135728698,0.6791861461232459,266.93377282347046,66.2014336210004,69.15565853931582,28.2776349572523,,7,10,0,0,9,1,0,1144648000001144,1,1,1280,2523000252324119808,3667403,268.31479491,42.78005537,0.0263615995645523,0.0247083008289337,56068.0502739,,0.0467020012438297,,0.0047840001061558,,,35651585,4,196608,2,533.9429931640625,5847.47021484375,0.1054460033774375,0.0988330990076065,1.3423800468444824,1.3131699562072754,-36.74549865722656,0.2710019946098327,,0.9981430172920228,0.983210027217865,7.331560134887695,,,,,,-1.3267799658933654e-05,6.196299864313914e-07,-3.3215201256098226e-05,1.589040010685494e-07,0.8946580290794373,3.25,,,,473.0,,1.1260800292234308e-08,6.22699985797226e-07,25.010499954223633,0.25,1280,2523000463582823680,3668190,268.31479385,42.78005653,0.4972850084304809,0.4668760001659393,55929.6946975,24.989500045776367,1.0390299558639526,,0.0224760007113218,,,35651585,4,196608,9,533.9429931640625,5847.47021484375,1.989140033721924,1.8674999475479128,1.131350040435791,1.0881799459457395,47.54800033569336,0.2784059941768646,,0.9985640048980712,0.9985640048980712,1.6794899702072144,,,,,,3.666119994250039e-07,3.8092198906269914e-07,-1.100420035982097e-06,2.473329985264172e-08,0.8865320086479187,2.7500100135803223,,,,640.0,,2.0650499976682113e-08,7.236930059661972e-07,25.02199935913086,0.2500010132789612,1280,2523001675300472064,3672704,268.31479066,42.78005419,0.017680199816823,0.0170475002378225,56483.0735722,21.928800582885746,0.0392040014266967,21.691200256347656,0.0041809999383986,21.71980094909668,0.0580150000751018,35667969,128,196608,40,533.9520263671875,5847.43994140625,0.070720799267292,0.0681900978088378,1.0425100326538086,1.0129300355911257,9.604780197143556,0.6528649926185608,1.049940010489081e-06,0.9981819987297058,0.9981819987297058,1.2544100284576416,0.2000360041856765,0.0043551600538194,0.1922429949045181,1.056079983711243,0.7624670267105103,6.144419785414357e-06,2.408870045655931e-07,7.647829988854937e-06,3.1976998826621645e-08,0.8839020133018494,2.75,7.448849828506354e-06,4.321470044033049e-07,2.640199899673462,2910.0,4.882040023803711,-1.4207100385021933e-08,4.149910068917962e-07,25.014799118041992,0.25,1280,2523001724424160512,3672887,268.31481143,42.7799914,0.0531124994158744,0.0499580018222332,55873.7635283,21.66629981994629,0.1194809973239898,21.56180000305176,0.0086219999939203,21.654199600219727,0.1584919989109039,35651585,0,196608,9,533.7579956054688,5846.5498046875,0.2124499976634979,0.1998330056667328,0.9990670084953308,0.9701880216598512,-80.50460052490234,0.737214982509613,0.2067030072212219,0.9990749955177308,0.9990749955177308,1.3921600580215454,0.1591169983148574,0.0427738018333911,0.2238260060548782,0.786732017993927,0.6426399946212769,7.824620297469664e-06,9.348930234409636e-07,8.615719707449898e-06,7.428140236243054e-08,0.8839020133018494,2.75,7.912640285212547e-06,1.2540899660962168e-06,1.9668300151824951,600.0,1.2626800537109375,2.1634699365336022e-08,1.4153199572319863e-06,25.03059959411621,0.25,1280,2522999954897634560,3666295,268.31483866,42.78009304,0.0410356000065803,0.0392226986587047,56085.8265796,21.066999435424805,0.109995000064373,21.12310028076172,0.0065740002319216,21.10260009765625,0.155017003417015,35651585,0,196608,12,533.4420166015625,5847.990234375,0.1641429960727691,0.1568910032510757,0.8856899738311768,0.852262020111084,5.227270126342773,1.0003199577331543,0.3873850107192993,0.997165024280548,0.997165024280548,1.2068899869918823,0.1342180073261261,0.0072561898268759,0.1246450021862983,0.7540140151977539,0.4070029854774475,1.3589099580713082e-05,1.4947399904485792e-06,1.290480031457264e-05,8.48363015393261e-08,0.8645449876785278,2.25,1.3150500308256596e-05,2.0385600691952277e-06,1.885040044784546,710.0,0.8643689751625061,3.927009828430528e-09,2.7920900720346253e-06,25.07320022583008,0.25,0.0102519259534631,,,,,,,,,,,,,,,,,,WISEA J175315.51+424649.5,IrS,,,,,,,0.12940025329589488,0.4386997222900426,0.02297949662179389,0.0228615696849588,0.009582256747763062,0.010842341211402033,,,-0.028600692749023438,-0.0923995971679652,0.02050018310546875,,0
PSO J175316.821+424653.794,,,,159332683201128554,963438000002490,255559144049081,0,14363180456829,15933,1,2208,68,0.858954489099751,963438,59502,3,1107615744,132,268.32020107,42.7816059,0.0010000000474974,0.0010000000474974,268.32008854,42.78160969,0.0063900002278387,0.0055599999614059,56467.68045139,0.8167999982833862,-0.0215162593809486,-0.733632457159185,0.6792057629208017,266.94327739742124,66.20307668807511,69.15827470592738,28.274156465917773,,16,71,1,8,37,14,11,1144618000000001,0,1,14620,2523000252055697692,3667402,268.32039715,42.78161495,1.4120999574661257,1.3199399709701538,56127.1935893,24.9689998626709,2.5913100242614746,22.67329978942871,0.0148350000381469,,,35651585,4,0,1,6314.27001953125,5868.740234375,5.648379802703857,5.279739856719971,1.3010200262069702,1.276550054550171,17.45789909362793,0.2286880016326904,,0.87186199426651,0.87186199426651,1.4245100021362305,,,,,,3.735960092399182e-07,9.68104018284066e-07,3.095050033152802e-06,4.591590041513882e-08,0.6123039722442627,3.0,,,,559.0,,-1.4073700427275073e-08,6.233830163182574e-07,25.016000747680664,0.25,14620,2523000463314401564,3668189,268.32039434,42.78161459,0.0075334701687097,0.0071817501448094,56057.3100078,,0.0158249996602535,,0.0054199998266994,,,35651585,4,0,8,6314.27001953125,5868.740234375,0.0301338993012905,0.0287270005792379,1.16048002243042,1.110159993171692,47.07400131225586,0.2472539991140365,,0.8935189843177795,0.8935189843177795,144.2239990234375,,,,,,-2.6539799364400096e-05,4.199999921183917e-07,-1.885759957076516e-05,1.0220500001878464e-07,0.6208360195159912,2.75,,,,640.0,,1.4885699783917516e-08,6.237519869500829e-07,25.02589988708496,0.25,14620,2523001675032049948,3672703,268.32036811,42.78160981,0.0121609000489115,0.0118471002206206,56597.7247348,21.22559928894043,0.0270279999822378,21.92989921569824,0.0040159998461604,,,35651713,0,0,36,6314.5400390625,5868.669921875,0.0486434996128082,0.0473883002996444,1.0626499652862549,1.0318399667739868,4.140659809112549,0.5957440137863159,-0.0002285660011693,0.6652920246124268,0.6652920246124268,1.299299955368042,0.0729399994015693,-0.0015007900074124,0.2047459930181503,,0.6905859708786011,1.1742799870262388e-05,3.17383012315986e-07,6.1379600992950145e-06,2.4647100360652985e-08,0.4901970028877258,2.5,,,,3990.0,-3.685149908065796,-1.610460031997718e-08,4.188779882952076e-07,25.022899627685547,0.25,14620,2523001724155738396,3672886,268.32033187,42.7815799,0.0174761991947889,0.0169488005340099,55963.4569348,20.50779914855957,0.0392309986054897,20.869400024414062,0.0057029998861253,,,35651585,0,0,12,6314.919921875,5868.25,0.0699044987559318,0.0677950009703636,1.0210800170898438,1.011199951171875,-65.22669982910156,0.60869300365448,-0.0141032002866268,0.7579529881477356,0.7579529881477356,1.340870022773743,0.0951721966266632,0.0131572000682353,0.1921049952507019,,0.6338919997215271,2.274510006827768e-05,8.923020118345448e-07,1.6301499272231013e-05,9.296969949446067e-08,0.5287629961967468,2.7500100135803223,,,,720.0,-2.454629898071289,1.2544600025421461e-08,1.3512500345314038e-06,25.034099578857425,0.2500010132789612,14620,2522999954629212444,3666294,268.32039235,42.78161425,0.0873337015509605,0.0843091011047363,56101.6293334,,0.2360990047454834,24.67490005493164,0.0304150003939867,,,35651585,4,0,12,6314.27001953125,5868.740234375,0.3493350148200989,0.3372359871864319,0.852840006351471,0.8326709866523743,5.989439964294434,1.0549700260162354,,0.910332977771759,0.910332977771759,1.308210015296936,,,,,,-6.709050012432272e-06,1.583999960530491e-06,4.898020051768981e-07,1.4897399758240226e-08,0.6405500173568726,2.25,,,,880.0,,-3.331070175249806e-08,2.7757200768974144e-06,25.066499710083008,0.25,0.0118717452314273,,,,,,,,,,,,,,,,,,WISEA J175316.81+424653.5,IrS,,,,,,,1.0604991912841761,-3.805500030517578,0.015794100932096135,0.006745713667639762,0.00697513171671371,0.030945055447799026,,,,,,,0
PSO J175309.249+424708.520,,,,159342682884983429,963438000001859,255559144048450,0,14363181770806,15934,1,2208,68,0.150428353017595,963438,59502,3,503635968,60,268.28854096,42.78570007,0.0010000000474974,0.0010000000474974,268.28853395,42.78570044,0.0028399999719113,0.0022899999748915,56063.2694213,0.9347000122070312,-0.021918842223587,-0.7335720226917107,0.6792581629097804,266.8856071654311,66.2064900754924,69.15736159145676,28.297659895915395,,10,88,9,8,46,12,13,1144648000000049,1,1,1907,2523000252324120435,3667403,268.28854523,42.78569646,0.0002964469895232,0.0002951289934571,56068.0502739,14.00570011138916,0.0004680000129155,13.973199844360352,0.0002920000115409,14.013099670410156,0.0003969999961555,262144069,524416,196608,7,809.8579711914062,5934.31005859375,0.0011857900535687,0.0011805100366473,1.340749979019165,1.3152300119400024,-35.41910171508789,0.3052639961242676,0.3065699934959411,0.9985520243644714,0.9985520243644714,5.728360176086426,0.2348040044307708,0.0018075399566441,0.2324080020189285,1.356879949569702,0.9379550218582152,0.009072289802134,4.245289801474428e-06,0.0093483999371528,2.734260078796069e-06,0.902191996574402,3.25,0.0090109100565314,3.5751299947150983e-06,3.392210006713867,473.0,1.022449970245361,5.431910032882571e-09,6.236689955585462e-07,25.010499954223633,0.25,1907,2523000463582824307,3668190,268.28853892,42.78570487,0.0002129920030711,0.0001999679952859,55929.6946975,13.713500022888184,0.0004450000124052,13.666299819946287,0.0002200000017182,13.71679973602295,0.0003680000081658,263208967,524416,196608,5,809.9110107421875,5934.419921875,0.0008519680122844,0.0007998700020834,1.1155600547790527,1.0745699405670166,51.3047981262207,0.2829459905624389,0.0019102699588984,0.9985529780387878,0.8954700231552124,46.6682014465332,0.4578849971294403,0.0189851000905036,0.4824750125408172,1.2188400030136108,0.9399099946022034,0.0118739996105432,5.284290182316909e-06,0.0124022001400589,2.7229400529904524e-06,0.8839020133018494,2.7500100135803223,0.0118385003879666,4.354919838078786e-06,3.0470900535583496,640.0,3.1038401126861572,1.5300100741910683e-08,7.137319926187047e-07,25.02199935913086,0.2500010132789612,1907,2523001675300472691,3672704,268.28853616,42.78569845,8.269179670605808e-05,7.973270112415776e-05,56483.0735722,13.746999740600586,0.0001829999964684,13.585200309753418,9.999999747378752e-05,13.634900093078612,0.0001429999974789,263208967,524416,196608,28,809.916015625,5934.330078125,0.0003307670122012,0.0003189310082234,1.04243004322052,1.012910008430481,9.65822982788086,0.6528019905090332,1.1818699664767339e-11,0.9979249835014344,0.8212080001831055,529.3330078125,0.5248330235481262,0.0088266702368855,0.5185739994049072,1.299929976463318,0.9826700091362,0.0115128001198172,2.1109899535076693e-06,0.0133632002398371,1.3366700386541195e-06,0.8865320086479187,2.75,0.0127653004601597,1.8265600374434143e-06,3.249809980392456,2910.0,6.782410144805908,-2.1756200396794156e-08,4.129229864702211e-07,25.014799118041992,0.25,1907,2523001724424161139,3672887,268.28854232,42.78569808,0.0002174739929614,0.0002191179955843,55873.7635283,13.541299819946287,0.000413000001572,13.557700157165527,0.0002160000003641,13.628700256347656,0.0003769999893847,263192581,524416,196608,10,809.8599853515625,5934.330078125,0.0008698989986442,0.0008764740196056,0.9940360188484192,0.9591599702835084,-80.63400268554688,0.7461029887199402,0.4891610145568847,0.9981729984283448,0.9981729984283448,9.137069702148438,0.4241209924221039,-0.0089513603597879,0.4375990033149719,1.1820600032806396,0.914559006690979,0.013914999552071,5.7433198890066706e-06,0.01370619982481,2.962729922728613e-06,0.8839020133018494,2.75,0.0128384996205568,4.833730145037407e-06,2.955159902572632,600.0,0.691644012928009,4.91030016647187e-09,1.4064199831409496e-06,25.03059959411621,0.25,1907,2522999954897635187,3666295,268.28853902,42.78569982,0.0003078920126426,0.0002966859901789,56085.8265796,13.523200035095217,0.0006029999931342,13.552499771118164,0.000201000002562,13.61740016937256,0.0006070000235922,263192581,524416,196608,10,809.89599609375,5934.33984375,0.0012315700296312,0.0011867400025948,0.888804018497467,0.8562660217285156,3.994719982147217,0.985817015171051,0.4280889928340912,0.997793972492218,0.997793972492218,4.181849956512451,0.370633989572525,0.0058918101713061,0.361954003572464,1.3922899961471558,0.9273189902305604,0.0141482995823025,8.530940249329433e-06,0.0137724997475743,2.771480012597749e-06,0.8684750199317932,2.25,0.0129731995984911,7.881069905124605e-06,3.4807300567626953,710.0,0.7924669981002808,-2.087909933834453e-08,2.754829893092392e-06,25.07320022583008,0.25,0.0138212114813516,,,,,,,,,,,,,,,,,,WISEA J175309.25+424708.4,UvS,,,,,0.3069000244140643,0.08109951019286932,0.027500152587890625,0.005200386047363281,0.0003656008855239464,0.00024166091999072898,0.00023802520801807675,0.0002950542343150073,-0.03989982604980469,-0.05049991607666193,-0.049699783325193536,-0.0710000991821289,-0.06490039825439631,0.8580115844572165,0
PSO J175311.606+424703.313,,,,159342682983181715,963438000002032,255559144048623,0,14363183809635,15934,1,2208,68,0.926517012460639,963438,59502,3,168091648,20,268.2983613,42.78425381,0.0010000000474974,0.0010000000474974,268.29833733,42.78425334,0.0120999999344348,0.0140199996531009,56487.90438657,0.9711999893188475,-0.0217938362454288,-0.7335929102877982,0.6792396268454793,266.9035378614586,66.20525485187387,69.1574484815043,28.290321429564862,,9,75,0,4,49,13,9,1144648000000067,1,1,1682,2523000252324120210,3667403,268.29836127,42.78423499,0.1495900005102157,0.1402080059051513,56068.0502739,23.33320045471191,0.2650099992752075,22.888399124145508,0.017748000100255,,,186646529,655364,65536,6,706.5,5911.16015625,0.5983579754829407,0.5608310103416443,1.3414000272750854,1.3145099878311155,-35.95280075073242,0.2924120128154754,,0.974318027496338,0.974318027496338,1.3387099504470823,,,,,,1.6855300373208593e-06,4.4668200871456065e-07,2.538839908083901e-06,4.5059699971261586e-08,0.4821740090847015,3.25,,,,473.0,,7.631239640204512e-09,6.232879741219222e-07,25.010499954223633,0.25,1682,2523000463582824082,3668190,268.29830692,42.78425746,0.0351409986615181,0.032992098480463,55929.6946975,22.095300674438477,0.0734239965677261,21.942699432373047,0.0099280001595616,21.973100662231445,0.096400998532772,195035141,655360,196608,8,707.0570068359375,5911.47998046875,0.1405639946460724,0.131968006491661,1.1214200258255005,1.079699993133545,49.849700927734375,0.2812539935111999,0.0113126998767256,0.9982500076293944,0.9982500076293944,1.3123799562454224,0.1809519976377487,0.0138624999672174,0.1902910023927688,0.8824920058250427,0.7595610022544861,5.271000190987252e-06,3.870179909881699e-07,6.065959951229161e-06,6.021979714887493e-08,0.8865320086479187,2.7500100135803223,5.898600193177117e-06,5.686320037057158e-07,2.2062299251556396,640.0,2.5328900814056396,1.950810002426806e-08,7.191609938672627e-07,25.02199935913086,0.2500010132789612,1682,2523001675300472466,3672704,268.29835535,42.78424639,0.0082360096275806,0.0081457002088427,56483.0735722,20.88710021972656,0.0142270000651478,21.32110023498535,0.0035260000731796,20.96380043029785,0.0231890007853508,262144005,524416,196608,47,706.52197265625,5911.31005859375,0.0329440012574195,0.032582800835371,1.0425100326538086,1.0129300355911257,9.604780197143556,0.6528649926185608,-0.9282950162887572,0.9995620250701904,0.9995620250701904,1.2253899574279783,0.1653439998626709,0.002776589943096,0.1549559980630874,0.9273759722709656,0.7743489742279053,1.603860073373653e-05,2.281749971189129e-07,1.075369982572738e-05,3.7918198358966044e-08,0.8812710046768188,2.75,1.4944400390959345e-05,3.465530085122737e-07,2.3184399604797363,2910.0,-0.0899903997778892,-1.8903600462749637e-08,4.137120015457185e-07,25.014799118041992,0.25,1682,2523001724424160914,3672887,268.29836133,42.7842543,0.0152826998382806,0.0158178005367517,55873.7635283,20.23579978942871,0.0281009990721941,20.329999923706055,0.0048890002071857,20.40329933166504,0.0452679991722106,262144069,524416,196608,15,706.4660034179688,5911.43994140625,0.0611308999359607,0.0632712021470069,0.9959189891815186,0.9632949829101562,-80.59100341796875,0.7427740097045898,-0.6750879883766174,0.9994959831237792,0.9994959831237792,1.3236700296401978,0.1499180048704147,-3.0815299396635965e-06,0.1420300006866455,0.8425629734992981,0.7501260042190552,2.9220100259408355e-05,8.211019917325757e-07,2.6790799893205985e-05,1.309870043542105e-07,0.8786410093307495,2.75,2.5042900233529508e-05,1.13363000764366e-06,2.106410026550293,600.0,-0.4191749989986419,9.865419592358649e-09,1.4134300272417022e-06,25.03059959411621,0.25,1682,2522999954897634962,3666295,268.29837682,42.78423954,0.0152008002623915,0.0145292999222874,56085.8265796,19.93239974975586,0.0407459996640682,19.86590003967285,0.0036849998869001,19.989099502563477,0.065089002251625,195035141,524416,196608,10,706.3070068359375,5911.2099609375,0.0608033016324043,0.0581169985234737,0.8869869709014893,0.8539369702339172,4.721360206604004,0.9942619800567628,0.5935760140419006,0.997734010219574,0.997734010219574,1.1637799739837646,0.1199759989976883,-0.0003241979866288,0.10657200217247,0.8541539907455444,0.7404620051383972,3.863990059471689e-05,1.574410021021322e-06,4.108210123376921e-05,1.5136700426410246e-07,0.8724049925804138,2.25,3.667570126708597e-05,2.3871900793892564e-06,2.1353800296783447,710.0,0.5336599946022034,-6.637399962983181e-09,2.7662799766403623e-06,25.07320022583008,0.25,0.0076457760336849,,,,,,,,,,,,,,,,,,,,,,,,0.9456996917724609,0.6215991973876953,0.9911003112792969,0.4640998840332031,0.020336093398853835,0.010535552367309351,0.006027851984075618,0.006122217506125993,,-0.030401229858398438,0.3572998046875,-0.07329940795898438,-0.123199462890625,73.07457113265359,0
PSO J175311.932+424659.771,,,,159342682996210468,963438000002064,255559144048655,0,14363183823536,15934,1,2208,68,0.797985925151022,963438,59502,3,168091648,20,268.29973797,42.78327048,0.0010000000474974,0.0010000000474974,268.29972037,42.78326978,0.0164899993687868,0.012869999743998,56422.25346065,0.79830002784729,-0.0217764742962408,-0.733605090977194,0.67922702806909,266.9061239155185,66.20430141782171,69.15659495977107,28.28912441933834,,8,63,0,1,41,13,8,1144648000000073,1,1,1655,2523000252324120183,3667403,268.2997374,42.7832675,0.1781580001115799,0.1669850051403045,56068.0502739,23.55389976501465,0.3156220018863678,23.318199157714844,0.0216320008039474,,,186646529,655364,65536,6,692.22802734375,5896.93017578125,0.7126330137252808,0.6679379940032959,1.341480016708374,1.3144099712371826,-36.022701263427734,0.2906419932842254,,0.9738849997520448,0.9738849997520448,1.2946799993515017,,,,,,1.3754699921264546e-06,4.341279975506041e-07,1.7089599850805826e-06,3.6968899053135835e-08,0.4821740090847015,3.25,,,,473.0,,8.067160273128593e-09,6.222419983714644e-07,25.010499954223633,0.25,1655,2523000463582824055,3668190,268.29974449,42.78327996,0.0458691008388996,0.0430641993880271,55929.6946975,22.464099884033203,0.0958390012383461,22.307300567626953,0.0117419995367527,22.395000457763672,0.1370739936828613,195035141,655360,196608,9,692.1380004882812,5897.08984375,0.1834760010242462,0.1722559928894043,1.1222800016403198,1.0804400444030762,49.64390182495117,0.2810089886188507,0.5480970144271851,0.9979159832000732,0.9979159832000732,1.2815200090408323,0.1502130031585693,0.0079209301620721,0.1784259974956512,0.8986470103263855,0.5885419845581055,3.7528000120801153e-06,3.596670126171375e-07,4.33608011007891e-06,5.091409960300553e-08,0.8970549702644348,2.7500100135803223,3.999400178145152e-06,5.482129949996306e-07,2.246619939804077,640.0,0.6006140112876892,1.9088799874111828e-08,7.199579954431101e-07,25.02199935913086,0.2500010132789612,1655,2523001675300472439,3672704,268.29973333,42.78326723,0.0109029002487659,0.0105862002819776,56483.0735722,21.24410057067871,0.018597999587655,21.523099899291992,0.0038699998985975,21.363500595092773,0.0300919990986585,262144005,524416,196608,51,692.2340087890625,5896.919921875,0.0436113998293876,0.0423447005450725,1.0425100326538086,1.0129300355911257,9.604780197143556,0.6528649926185608,0.586542010307312,0.9979749917984008,0.9979749917984008,1.194290041923523,0.1624470055103302,0.007381519768387,0.1550929993391037,0.8799909949302673,0.7419270277023315,1.1543599612195976e-05,2.146919939605141e-07,8.928160241339356e-06,3.4550101446484405e-08,0.8891630172729492,2.75,1.034179967973614e-05,3.112079980382987e-07,2.1999800205230713,2910.0,0.5438539981842041,-1.8998200346231897e-08,4.131109960781032e-07,25.014799118041992,0.25,1655,2523001724424160887,3672887,268.29974964,42.78326848,0.018809700384736,0.0192971006035804,55873.7635283,20.464599609375,0.0342490002512931,20.381099700927734,0.0050059999339282,20.50029945373535,0.0554919987916946,262144005,655488,196608,15,692.0700073242188,5896.93994140625,0.075238898396492,0.0771884992718696,0.9961829781532288,0.9638720154762268,-80.58450317382812,0.7423089742660522,-0.8977879881858826,0.9979469776153564,0.9979469776153564,1.2505500316619873,0.1455499976873397,0.0078705996274948,0.1497520059347152,0.9453529715538024,0.8010879755020142,2.366820081078913e-05,8.106139830488246e-07,2.555980063334573e-05,1.2794200188182006e-07,0.8944240212440491,2.75,2.2902600903762504e-05,1.2709100474239676e-06,2.363379955291748,600.0,-0.1284559965133667,1.1659100351835152e-08,1.413599989064096e-06,25.03059959411621,0.25,1655,2522999954897634935,3666295,268.29973334,42.78327548,0.0186502002179622,0.0178261995315551,56085.8265796,20.171600341796875,0.0499919988214969,20.02070045471191,0.0039570000953972,20.08489990234375,0.0756670013070106,195035141,655360,196608,10,692.2410278320312,5897.02978515625,0.074600800871849,0.0713049992918968,0.8867409825325012,0.8536210060119629,4.818069934844971,0.9954079985618592,0.5005879998207092,0.9958000183105468,0.9958000183105468,1.138949990272522,0.1121490001678466,0.0141508001834154,0.1157499998807907,0.924914002418518,0.7277529835700989,3.099899913650006e-05,1.5496899550271337e-06,3.5621698771137744e-05,1.4094899825067841e-07,0.8684750199317932,2.25,3.357799869263545e-05,2.54074006988958e-06,2.3122899532318115,710.0,0.6735649704933167,-6.45060005410869e-09,2.767829982985859e-06,25.07320022583008,0.25,0.0074884014504184,,,,,,,,,,,,,,,,,,WISEA J175311.83+424700.2,IrS,,,,,1.0108985900878906,0.7842006683349609,1.1420001983642578,0.36039924621582387,0.024613370592080262,0.012363310735245851,0.0063274745794537806,0.006381056737991176,,-0.08769989013671875,0.15959930419921875,-0.11919975280761719,-0.06419944763183949,71.19025725208624,0
PSO J175312.819+424703.519,,,,159342683033651759,963438000002126,255559144048717,0,14363183811346,15934,1,2208,68,0.146946406128766,963438,59502,3,436527104,52,268.30341297,42.78431097,0.0010000000474974,0.0010000000474974,268.3033902,42.78430986,0.0072200000286102,0.009859999641776,56488.29265046,0.9564999938011168,-0.0217291213375116,-0.7335941596670701,0.6792403508245553,266.91272128865194,66.20541975683679,69.15838501608881,28.286705465856997,,10,83,3,10,51,11,8,1144648000000078,1,1,1576,2523000252324120104,3667403,268.30341264,42.78429096,0.0306583996862173,0.0287356004118919,56068.0502739,21.343599319458008,0.0543139986693859,21.40850067138672,0.0089779999107122,21.831300735473633,0.107073999941349,195035141,655360,196608,4,653.0789794921875,5910.89013671875,0.1226340010762214,0.1149419993162155,1.3417099714279177,1.3141200542449951,-36.21030044555664,0.2857840061187744,-6.577469946478233e-08,0.9981610178947448,0.9981610178947448,1.6821600198745728,0.202111005783081,0.0074229100719094,0.1803559958934784,0.9337559938430786,0.5864589810371399,1.0533500244491734e-05,5.72117016872653e-07,9.922159733832814e-06,8.907880300057515e-08,0.9097260236740112,3.25,6.7219198172097094e-06,7.197450031526387e-07,2.334389925003052,473.0,-5.402349948883057,8.833429987475938e-09,6.245539907467901e-07,25.010499954223633,0.25,1576,2523000463582823976,3668190,268.30340961,42.78430373,0.0091889901086688,0.0086270803585648,55929.6946975,20.564199447631836,0.019200000911951,20.46619987487793,0.0050289998762309,20.626100540161133,0.0273989997804164,262160391,524416,196608,8,653.0960083007812,5911.06005859375,0.0367559008300304,0.0345081984996795,1.1245100498199463,1.082360029220581,49.11220169067383,0.2803660035133362,0.0007791719981469,0.9979389905929564,0.9979389905929564,2.3026199340820312,0.1749069988727569,-0.0014670500531792,0.1733029931783676,0.9122239947319032,0.8378440141677856,2.159409996238537e-05,4.1459699673396244e-07,2.3633900127606463e-05,1.1886599793342613e-07,0.8970549702644348,2.7500100135803223,2.0396499166963625e-05,5.58842998543696e-07,2.28056001663208,640.0,3.3600900173187256,2.252889963472171e-08,7.21886010524031e-07,25.02199935913086,0.2500010132789612,1576,2523001675300472360,3672704,268.30340675,42.7843175,0.0035083501134067,0.0033828099258244,56483.0735722,20.248699188232425,0.0077789998613297,20.234699249267575,0.0021379999816417,20.335599899291992,0.0123119996860623,262160391,524416,196608,52,653.0969848632812,5911.259765625,0.0140334004536271,0.0135311996564269,1.0425100326538086,1.0129300355911257,9.604780197143556,0.6528649926185608,5.901850090594962e-05,0.9974539875984192,0.9974539875984192,5.9139299392700195,0.1707900017499923,0.0020039500668644,0.163561001420021,0.9340530037879944,0.8727499842643738,2.8874499548692256e-05,2.2462700144387787e-07,2.925000080722384e-05,6.253620199458966e-08,0.8891630172729492,2.75,2.6654699468053877e-05,3.2818201134432456e-07,2.335129976272583,2910.0,4.01669979095459,-1.6816500192362582e-08,4.150130052948953e-07,25.014799118041992,0.25,1576,2523001724424160808,3672887,268.30341745,42.78430534,0.0142802996560931,0.0146228000521659,55873.7635283,20.000900268554688,0.0253110006451606,20.17539978027344,0.0045529999770224,20.26849937438965,0.0404749996960163,262144069,524416,196608,11,652.9959716796875,5911.10009765625,0.0571211986243724,0.05849140137434,0.9968940019607544,0.9654309749603271,-80.56639862060547,0.7410529851913452,-0.4318439960479736,0.9978610277175904,0.9978610277175904,1.4534399509429932,0.1467549949884414,0.0023672599345445,0.1399859935045242,0.786732017993927,0.6985189914703369,3.627709884312935e-05,9.181960081150464e-07,3.089099845965393e-05,1.406530003578155e-07,0.8917940258979797,2.75,2.8353100788081065e-05,1.147579951066291e-06,1.9668300151824951,600.0,-0.7860410213470459,1.1825700418910401e-08,1.4168799680192024e-06,25.03059959411621,0.25,1576,2522999954897634856,3666295,268.30341331,42.78431222,0.0147473998367786,0.0140957999974489,56085.8265796,19.9153995513916,0.0395300015807151,19.793800354003903,0.003563999896869,19.845600128173828,0.0596840009093284,195035141,655488,196608,12,653.0390014648438,5911.18017578125,0.0589894987642765,0.0563834011554718,0.8860560059547424,0.8527370095252991,5.085319995880127,0.9986039996147156,0.016610899940133,0.994837999343872,0.994837999343872,1.343809962272644,0.122420996427536,-0.0039290701970458,0.1208949983119964,0.9116770029067992,0.758840024471283,3.9249098335858434e-05,1.5515199720539383e-06,4.390340109239333e-05,1.564790039765285e-07,0.8606160283088684,2.25,4.185709985904395e-05,2.4982000468298793e-06,2.2791900634765625,710.0,2.395210027694702,1.9577299781303732e-09,2.7733399292628742e-06,25.07320022583008,0.25,0.0049819651438059,,,,,,,,,,,,,,,,,,,,,,,,0.9423007965087891,0.23150062561035512,0.05929946899413352,0.38159942626953836,0.010290545279618505,0.00546460279221009,0.005029995299427811,0.0057820328653206575,-0.42280006408691406,-0.15990066528320312,-0.10090065002441762,-0.09309959411620738,-0.05179977416992543,21.08898710267536,0
PSO J175313.678+424709.645,,,,159342683069613814,963438000002194,255559144048785,0,14363180404338,15934,1,2208,68,0.787946752075056,963438,59502,3,503635968,60,268.306993,42.78601268,0.0010000000474974,0.0010000000474974,268.30698107,42.78601434,0.0025100000202655,0.0030400000978261,56316.07105324,1.7109999656677246,-0.021682548109684,-0.7335753219638037,0.6792621836324858,266.9191274641259,66.20720035993251,69.16089949835465,28.284481168689982,,10,101,7,10,54,16,14,1144648000000088,1,1,1491,2523000252324120019,3667403,268.30699828,42.78600678,0.0006111959810368,0.0005919159739278,56068.0502739,15.289899826049805,0.0009980000322684,15.227100372314451,0.0005210000090301,15.276700019836426,0.000865000009071,262144005,524416,196608,6,614.6820068359375,5934.83984375,0.0024447899777442,0.0023676599375903,1.3419300317764282,1.313830018043518,-36.387699127197266,0.2810400128364563,0.0589519999921321,0.9987779855728148,0.9987779855728148,3.790879964828491,0.2383870035409927,0.0017375199822708,0.2358520030975341,1.3655200004577637,0.9542139768600464,0.0027799198869615,2.773120058918721e-06,0.0029455600306391,1.53481005327194e-06,0.902191996574402,3.25,0.002813909901306,2.434230054859654e-06,3.413800001144409,473.0,1.888550043106079,9.291359681640188e-09,6.274049724197539e-07,25.010499954223633,0.25,1491,2523000463582823891,3668190,268.30699388,42.78601208,0.00031984000816,0.000319007987855,55929.6946975,14.85770034790039,0.0006249999860301,14.847000122070312,0.0003779999969992,14.759400367736816,0.0005300000193528,262144069,524416,196608,8,614.7160034179688,5934.89990234375,0.0012793600326403,0.0012760299723595,1.126710057258606,1.0842499732971191,48.598201751708984,0.2797349989414215,0.3708600103855133,0.998304009437561,0.998304009437561,66.75959777832031,0.1632689982652664,0.0049168299883604,0.1636330038309097,1.782920002937317,0.8534629940986633,0.0041390401311218,2.588599954833626e-06,0.0041802302002906,1.5808500393177385e-06,0.8891630172729492,2.7500100135803223,0.0045316801406443,2.4036899048951454e-06,4.457310199737549,640.0,0.894864022731781,2.7068800534379992e-08,7.238639909701305e-07,25.02199935913086,0.2500010132789612,1491,2523001675300472275,3672704,268.30699059,42.78601417,0.0001177910016849,0.0001146470021922,56483.0735722,14.756999969482422,0.0002240000030724,14.710599899291992,0.0001679999986663,14.587499618530272,0.0002070000045932,262144069,524416,196608,51,614.7239990234375,5934.93994140625,0.0004711659858003,0.0004585899878293,1.0425100326538086,1.0129300355911257,9.604780197143556,0.6528649926185608,0.1454360038042068,0.998179018497467,0.998179018497467,570.3670043945312,0.1638679951429367,0.001175930025056,0.1590649932622909,1.8639099597930908,0.8579049706459045,0.0045415298081934,1.016549958876567e-06,0.0047399098984897,7.960740049384185e-07,0.8891630172729492,2.75,0.0053086299449205,1.0976999647027696e-06,4.6597700119018555,2910.0,1.455839991569519,-1.4340500342768792e-08,4.173639922555594e-07,25.014799118041992,0.25,1491,2523001724424160723,3672887,268.3069936,42.78601107,0.0003061270108446,0.0003129520046059,55873.7635283,14.71619987487793,0.0006109999958425,14.709500312805176,0.0003670000005513,14.562700271606444,0.000594999990426,262144005,524416,196608,14,614.7020263671875,5934.89990234375,0.001224510022439,0.001251809997484,0.9975929856300354,0.9669619798660278,-80.54769897460938,0.7398189902305603,0.5219939947128296,0.9981909990310668,0.9981909990310668,95.82029724121094,0.1520480066537857,-0.0011996700195595,0.1575260013341903,1.795300006866455,0.8476290106773376,0.0047152200713753,2.882590024455567e-06,0.0047444100491702,1.7431100332032656e-06,0.8891630172729492,2.75,0.005431680008769,3.2317000204784563e-06,4.488239765167236,600.0,0.6402750015258789,1.0579499942764414e-08,1.421650040356326e-06,25.03059959411621,0.25,1491,2522999954897634771,3666295,268.30699152,42.78601376,0.0004189909959677,0.0004094240139238,56085.8265796,14.727800369262695,0.0008859999943524,14.703100204467772,0.0003420000139158,14.289299964904783,0.0011139999842271,262144069,524416,196608,13,614.7239990234375,5934.93017578125,0.0016759600257501,0.0016376900020986,0.8856899738311768,0.852262020111084,5.227270126342773,1.0003199577331543,0.6375349760055542,0.9974939823150636,0.9974939823150636,34.682498931884766,0.1168270036578178,0.0005008719745092,0.1141650006175041,2.494760036468506,0.8008469939231873,0.0046654101461172,4.133839865971822e-06,0.0047725900076329,1.631480017749709e-06,0.8645449876785278,2.25,0.0069868699647486,7.784289664414246e-06,6.236889839172363,710.0,0.4711489975452423,1.225649981506649e-08,2.777760073513491e-06,25.07320022583008,0.25,0.0025283901199511,,,,,,,,,,,,,,,,,,2MASS J17531368+4247096,UvS,,,,,0.38010025024413885,0.1364002227783203,0.0010995864868164062,0.00640010833740412,0.0006436808270725169,0.00041365202439160384,0.00040362482574357464,0.0005016502864776034,-0.04959964752197443,0.0875997543334961,0.12310028076172053,0.14680004119873225,0.4138002395629883,4.166818913801471,0
PSO J175314.113+424713.305,,,,159342683087945065,963438000002235,255559144048826,0,14363180404138,15934,1,2208,68,0.76752922755436,963438,59502,3,512024576,61,268.30880676,42.78702918,0.0010000000474974,0.0010000000474974,268.30879736,42.78703109,0.0022499999031424,0.0028599998913705,56320.38415509,1.8859000205993652,-0.021658937836019,-0.7335639601334665,0.6792752069707252,266.9223568085932,66.20825548850557,69.16234308634957,28.28338823390109,,10,100,6,10,54,16,14,1144648000000095,1,1,1440,2523000252324119968,3667403,268.30880428,42.78701998,0.0015266699483618,0.0014309199759736,56068.0502739,17.1289005279541,0.0027050001081079,16.487600326538086,0.0009309999877586,16.006399154663086,0.0022839999292045,262160391,524416,196608,5,595.2999877929688,5949.0498046875,0.0061066797934472,0.0057236799038946,1.342039942741394,1.313670039176941,-36.47639846801758,0.2786149978637695,0.0,0.9979259967803956,0.9979259967803956,72.47450256347656,0.3319230079650879,-0.0019519700435921,0.3228189945220947,2.806689977645874,1.137760043144226,0.0005110370111651,1.3821600077790208e-06,0.0009224740206263,8.589109938839101e-07,0.904075026512146,3.25,0.0014368899865075,3.2812199606269132e-06,7.016739845275879,473.0,18.711700439453125,9.402929990187658e-09,6.288469762694149e-07,25.010499954223633,0.25,1440,2523000463582823840,3668190,268.30881309,42.78702989,0.0006596529856324,0.0006193150184117,55929.6946975,16.357200622558594,0.0013780000153928,15.75510025024414,0.0005750000127591,15.165599822998049,0.0011279999744147,262160391,524416,196608,8,595.1929931640625,5949.18017578125,0.0026386100798845,0.0024772500619292,1.1278300285339355,1.085199952125549,48.34080123901367,0.2794139981269836,0.0,0.998063027858734,0.998063027858734,13.068699836730955,0.2345950007438659,0.0004490340070333,0.229772999882698,3.0868399143218994,1.039139986038208,0.001040169969201,1.4336600315800752e-06,0.0018111299723386,1.0405500461274642e-06,0.8917940258979797,2.7500100135803223,0.0031171799637377,3.5147500057064462e-06,7.717090129852295,640.0,20.633499145507812,2.9699000592131597e-08,7.249200280057266e-07,25.02199935913086,0.2500010132789612,1440,2523001675300472224,3672704,268.30879568,42.78703547,0.0001935970067279,0.0001866689999587,56483.0735722,15.936100006103516,0.0004290000069886,15.311200141906738,0.0002209999947808,14.711400032043455,0.0003530000103637,262160391,524416,196608,50,595.3499755859375,5949.27001953125,0.0007743869791738,0.0007466759998351,1.0425100326538086,1.0129300355911257,9.604780197143556,0.6528649926185608,0.0,0.9986950159072876,0.9986950159072876,103.072998046875,0.2327159941196441,-0.0012749399757012,0.2252109944820404,3.2440099716186523,1.0346599817276,0.0015331200556829,6.581420279871963e-07,0.0027258899062871,6.037020057192422e-07,0.8891630172729492,2.75,0.0047362800687551,1.6727300362617823e-06,8.110030174255371,2910.0,23.15999984741211,-1.303250041218007e-08,4.186350111012871e-07,25.014799118041992,0.25,1440,2523001724424160672,3672887,268.30880925,42.78703974,0.0004677069955505,0.0004399300087243,55873.7635283,15.656900405883787,0.0010519999777898,15.043399810791016,0.0004279999993741,14.470999717712402,0.0009340000106021,262160391,524416,196608,14,595.2139892578125,5949.33984375,0.0018708299612626,0.0017597200348973,0.9979469776153564,0.9677370190620422,-80.53780364990234,0.7391930222511292,0.0,0.9984819889068604,0.9984819889068604,16.38319969177246,0.2245679944753646,-0.0019606200512498,0.2227659970521927,3.2346301078796387,1.0267399549484253,0.0019825398921966,2.0859299638686934e-06,0.0034884600900113,1.4946899682399817e-06,0.8891630172729492,2.75,0.0059102601371705,5.518219950317871e-06,8.086569786071777,600.0,15.178899765014648,9.473110296198683e-09,1.4247000308387214e-06,25.03059959411621,0.25,1440,2522999954897634720,3666295,268.30879253,42.78702903,0.0005633839755319,0.0005384939722716,56085.8265796,15.549400329589844,0.0015099999727681,14.946200370788574,0.0003819999983534,14.154399871826172,0.0014819999923929,262160391,524416,196608,11,595.39501953125,5949.169921875,0.0022535300813615,0.0021539700683206,0.8856899738311768,0.852262020111084,5.227270126342773,1.0003199577331543,0.0,0.9973300099372864,0.9973300099372864,9.131919860839844,0.1715620011091232,-0.0006247970159165,0.1687760055065155,3.8785400390625,0.9670529961586,0.0021889100316911,3.3055700896511553e-06,0.0038152600172907,1.4587100167773317e-06,0.8645449876785278,2.25,0.0079108895733952,1.1720299880835228e-05,9.69635009765625,710.0,14.12679958343506,1.8092000786396056e-08,2.7794599191111047e-06,25.07320022583008,0.25,0.0020264728510501,,,,,,,,,,,,,,,,,,WISEA J175314.06+424712.8,G,10102.0,0.033698,,PUN,0.7325000762939453,0.44390010833740234,0.26780033111572266,0.0971994400024414,0.001094251338532185,0.0006160081268669098,0.0004816897312143401,0.0005736793513856213,0.481201171875,0.589500427246092,0.599800109863283,0.5724000930786133,0.7918004989624023,52.64213479761765,0
PSO J175315.425+424715.906,,,,159342683144135968,963438000002371,255559144048962,0,14363235194928,15934,1,2208,68,0.0988600348111801,963438,59502,3,168091648,20,268.31428369,42.78775207,0.0010000000474974,0.0010000000474974,268.31427456,42.78775173,0.0186000000685453,0.0186999998986721,56613.91332176,1.4186999797821045,-0.0215885612319421,-0.7335574872994796,0.67928443736833,266.9322648470757,66.20909260906637,69.16409096912089,28.279605736977587,,8,61,0,3,43,7,8,1144648000000114,1,1,1285,2523000252324119813,3667403,268.31429145,42.78774895,5.94536018371582,5.572480201721191,56068.0502739,27.072200775146484,10.532699584960938,,0.1148110032081604,,,186646529,655364,65536,4,537.083984375,5958.39013671875,23.781400680541992,22.289899826049805,1.342360019683838,1.3131999969482422,-36.73199844360352,0.2713919878005981,,0.974698007106781,0.974698007106781,1.7413400411605835,,,,,,5.3840999214571645e-08,5.670920018019387e-07,-5.767279986912399e-08,6.621439840870381e-09,0.4821740090847015,3.25,,,,473.0,,8.751530167216972e-09,6.30830015779793e-07,25.010499954223633,0.25,1285,2523000463582823685,3668190,268.31422572,42.787721,0.0569850988686084,0.0535003989934921,55929.6946975,22.210100173950195,0.1190650016069412,23.03569984436035,0.0164219997823238,22.059600830078125,0.1674689948558807,35653633,0,196608,4,537.7760009765625,5957.97998046875,0.2279399931430816,0.2140009999275207,1.1311299800872805,1.0879900455474854,47.596900939941406,0.2784689962863922,1.703500007721459e-09,0.9983350038528442,0.9983350038528442,1.9143600463867188,0.0705521032214164,-0.0462841987609863,0.1265009939670562,1.021690011024475,1.161520004272461,4.74204989586724e-06,5.646140266435395e-07,2.2166900635056663e-06,3.6403399406026444e-08,0.8891630172729492,2.7500100135803223,5.447199782793177e-06,9.122380220105696e-07,2.554229974746704,640.0,6.023819923400879,3.214810107010635e-08,7.248939937198884e-07,25.02199935913086,0.2500010132789612,1285,2523001675300472069,3672704,268.31428526,42.78775463,0.0069167301990091,0.0066692200489342,56483.0735722,20.989700317382812,0.015336999669671,21.055200576782227,0.0031200000084936,20.634199142456055,0.022996999323368,262160391,655488,196608,48,537.1119995117188,5958.4599609375,0.02766690030694,0.0266769006848335,1.0425100326538086,1.0129300355911257,9.604780197143556,0.6528649926185608,2.0287899832327483e-11,0.9980189800262452,0.9980189800262452,7.684579849243164,0.1774909943342209,0.0029807100072503,0.1707929968833923,1.2651100158691406,0.8770290017127991,1.4591700164601208e-05,2.2379599329269698e-07,1.3737900189880747e-05,4.28576996114316e-08,0.8786410093307495,2.75,2.0245799532858655e-05,4.655890109006578e-07,3.1627800464630127,2910.0,6.703939914703369,-1.0366400182704185e-08,4.2064201011271507e-07,25.014799118041992,0.25,1285,2523001724424160517,3672887,268.31428287,42.78773044,0.0180862005800008,0.0170120000839233,55873.7635283,20.52669906616211,0.0406860001385211,20.783300399780273,0.0060239997692406,20.741300582885746,0.0659819990396499,195035141,524416,196608,8,537.1519775390625,5958.1298828125,0.0723448991775512,0.0680482015013694,0.9990050196647644,0.9700530171394348,-80.50650024414062,0.7373250126838684,-0.4777710139751434,0.9980379939079284,0.9980379939079284,2.5529699325561523,0.1603859961032867,0.0052571301348507,0.1434590071439743,0.7932050228118896,0.8140360116958618,2.2351299776346423e-05,9.093949984162464e-07,1.7647600543568842e-05,1.063109991150668e-07,0.8970549702644348,2.75,1.8343000192544423e-05,1.210319965139206e-06,1.9830100536346436,600.0,-0.7098910212516785,8.317219801767806e-09,1.428389964530652e-06,25.03059959411621,0.25,1285,2522999954897634565,3666295,268.31428038,42.78777358,0.0231539998203516,0.0221311002969741,56085.8265796,20.37190055847168,0.0620639994740486,20.507699966430664,0.0049519999884068,20.234100341796875,0.0905279964208602,195035141,655360,196608,10,537.1669921875,5958.72998046875,0.0926161035895347,0.0885242968797683,0.8856899738311768,0.852262020111084,5.227270126342773,1.0003199577331543,0.100441999733448,0.9972500205039978,0.9972500205039978,1.5673600435256958,0.1111660003662109,-0.0002707609965,0.1111970022320747,0.9593600034713744,0.7410460114479065,2.577789928182028e-05,1.599879965397122e-06,2.2747099137632176e-05,1.1263399812833087e-07,0.8645449876785278,2.25,2.926640081568621e-05,2.6494199119042605e-06,2.398400068283081,710.0,1.6427099704742432,2.2068800120678137e-08,2.785800006677164e-06,25.07320022583008,0.25,0.0054268289089737,,,,,,,,,,,,,,,,,,,,,,,,,1.980499267578125,0.2719001770019531,0.2756004333496094,0.11597951773703347,0.016715755349479215,0.006784023383863802,0.007798132924296158,,0.9760990142822266,0.4210014343261719,0.0419998168945277,0.27359962463378906,,0
PSO J175317.399+424720.855,,,,159342683224847584,963438000002540,255559144049131,0,14363235249425,15934,1,2208,68,0.531253615889003,963438,59502,3,503635968,60,268.32249919,42.78912645,0.0010000000474974,0.0010000000474974,268.32248816,42.78912671,0.0035399999469518,0.0037199999205768,56491.31752315,1.4589999914169312,-0.0214829251311753,-0.7335442799324465,0.6793020486544972,266.9471026237007,66.21064143899189,69.16703925580578,28.273994856624356,,20,88,5,8,50,13,12,1144618000000008,0,1,14555,2523000252055697627,3667402,268.32249032,42.78912695,0.0244274996221065,0.0228332001715898,56127.1935893,21.27070045471191,0.0448260009288787,21.153400421142575,0.0073669999837875,21.194599151611328,0.0582900010049343,262160391,655488,0,5,6290.02001953125,5976.490234375,0.0977099984884262,0.0913330018520355,1.3010200262069702,1.276550054550171,17.45789909362793,0.2286880016326904,0.0024142200127243,0.9986370205879213,0.9986370205879213,2.051529884338379,0.2556970119476318,0.0255142003297805,0.2572009861469269,1.0221099853515625,0.765736997127533,1.126509960158728e-05,5.04973002080078e-07,1.2550100109365305e-05,9.245970034044149e-08,0.8974570035934448,3.0,1.2082499779353384e-05,7.042909828669508e-07,2.5552899837493896,559.0,3.0338900089263916,-1.7693700726795214e-08,6.41654992250551e-07,25.016000747680664,0.25,14555,2523000463314401499,3668189,268.32250496,42.78912823,0.0069728400558233,0.0070787197910249,56057.3100078,19.874500274658203,0.0120529998093843,19.894399642944336,0.0038640000857412,20.008100509643555,0.0184640008956193,262144069,524416,0,8,6289.83984375,5976.509765625,0.0278913993388414,0.0283148996531963,1.16048002243042,1.110159993171692,47.07400131225586,0.2472539991140365,-0.4775440096855163,0.9987679719924928,0.9987679719924928,1.3279600143432615,0.1603270024061203,0.0018280500080436,0.1605069935321808,0.9263949990272522,0.7488110065460205,4.075700053363107e-05,4.912259896627802e-07,4.001670095021837e-05,1.5463800195902877e-07,0.876010000705719,2.75,3.603670120355673e-05,6.653719992755214e-07,2.3159899711608887,640.0,-0.7102580070495605,1.5166399691679544e-08,6.192460091369867e-07,25.02589988708496,0.25,14555,2523001675032049883,3672703,268.32249721,42.78912606,0.0015935699921101,0.001547020045109,56597.7247348,18.910400390625,0.0027809999883174,18.923500061035156,0.001005999976769,19.034900665283203,0.0040369997732341,262144069,524416,0,49,6289.91015625,5976.47998046875,0.0063742501661181,0.0061880899593234,1.0626499652862549,1.0318399667739868,4.140659809112549,0.5957440137863159,0.7866020202636719,0.9967809915542604,0.9967809915542604,1.2783000469207764,0.1590320020914077,-0.000429965002695,0.153328999876976,0.9406530261039734,0.8165330290794373,9.904390026349574e-05,2.754339902821812e-07,9.785970178199932e-05,9.84137003001706e-08,0.8689860105514526,2.5,8.831400191411376e-05,3.5651200391839666e-07,2.3516299724578857,3990.0,0.2707250118255615,-1.822579953625336e-08,4.19081004565669e-07,25.022899627685547,0.25,14555,2523001724155738331,3672886,268.32249907,42.78912339,0.0038461899384856,0.0038880798965692,55963.4569348,18.47410011291504,0.0070699998177587,18.470600128173828,0.0018899999558925,18.563499450683594,0.0101749999448657,262144069,524416,0,10,6289.8798828125,5976.4501953125,0.0153847001492977,0.0155523000285029,1.0210800170898438,1.011199951171875,-65.22669982910156,0.60869300365448,0.8963580131530762,0.9986289739608764,0.9986289739608764,1.2793999910354614,0.1541830003261566,-0.0012775800423696,0.156809002161026,0.954371988773346,0.803941011428833,0.0001480399951105,1.0466900448591332e-06,0.0001485090033384,2.806110046549293e-07,0.8812710046768188,2.7500100135803223,0.000136332004331,1.387229985994054e-06,2.385930061340332,720.0,0.1302630007266998,5.163419913856161e-09,1.3571300314652035e-06,25.034099578857425,0.2500010132789612,14555,2522999954629212379,3666294,268.32249758,42.78912673,0.004538900218904,0.004396460019052,56101.6293334,18.210100173950195,0.0091949999332427,18.243099212646484,0.0015729999868199,,,253755461,524416,0,12,6289.89990234375,5976.5,0.018155600875616,0.0175857990980148,0.852840006351471,0.8326709866523743,5.989439964294434,1.0549700260162354,-0.5616310238838196,0.9969720244407654,0.9969720244407654,1.257200002670288,0.1147660017013549,0.0014636300038546,0.1134819984436035,,0.7079470157623291,0.0001887749967863,1.735710043249128e-06,0.0001831260015023,2.8805499141526525e-07,0.848825991153717,2.25,,,,880.0,-0.5804200172424316,-8.534170037322041e-10,2.841989953594748e-06,25.066499710083008,0.25,0.0114103673461834,,,,,,,,,,,,,,,,,,WISEA J175317.39+424720.9,IrS,,,,,1.2590007781982386,0.9708995819091797,0.4528999328613281,0.22750091552734375,0.008318845197726247,0.003992810115177934,0.002141059500932396,0.0024589487167911935,-0.04119873046875355,-0.11370086669921875,-0.11140060424804688,-0.09289932250976562,,0.8811800534830605,0
PSO J175317.614+424705.806,,,,159342683234012565,963438000002559,255559144049150,0,14363180438325,15934,1,2208,68,0.00010521430532,963438,59502,3,436527104,52,268.32339438,42.78494612,0.0010000000474974,0.0010000000474974,268.32337694,42.78495082,0.0143600003793835,0.0190200004726648,56444.57699074,1.1117000579833984,-0.0214729948042088,-0.7335940995373471,0.6792485609982014,266.94901754514615,66.20648611082306,69.16255487495239,28.272489587732647,,20,59,4,7,36,10,2,1144618000000009,0,1,14540,2523000252055697612,3667402,268.32343581,42.78499174,0.0448433011770248,0.0419166013598442,56127.1935893,21.794300079345703,0.0822909995913505,22.090499877929688,0.0113430004566907,22.301300048828125,0.1750209927558899,195035141,655360,0,4,6281.2001953125,5916.72998046875,0.1793729960918426,0.1676660031080246,1.3010200262069702,1.276550054550171,17.45789909362793,0.2286880016326904,-5.165989932720549e-06,0.998947024345398,0.998947024345398,1.7781000137329102,0.1294099986553192,-0.0608594007790088,0.1930620074272155,0.916113018989563,0.6827459931373596,6.954900072742021e-06,5.723269964619249e-07,5.2942600632377435e-06,6.005259933772322e-08,0.8930360078811646,3.0,4.359999820735538e-06,7.630929985680268e-07,2.2902801036834717,559.0,-4.557929992675781,-1.5686099530398678e-08,6.315220275610045e-07,25.016000747680664,0.25,14540,2523000463314401484,3668189,268.32337682,42.78494205,0.0200928002595901,0.0211116001009941,56057.3100078,21.05229949951172,0.0347360000014305,21.157699584960938,0.0069140000268816,21.160600662231445,0.0471660010516643,262144069,524416,0,7,6281.7998046875,5916.0400390625,0.0803709998726844,0.0844466015696525,1.16048002243042,1.110159993171692,47.07400131225586,0.2472539991140365,0.6088050007820129,0.9980279803276062,0.9980279803276062,1.241449952125549,0.1575420051813125,0.0023029500152915,0.169620007276535,0.7960079908370972,0.6771799921989441,1.3775000297755469e-05,4.784919838130008e-07,1.2500699995143805e-05,8.642980020567849e-08,0.8944240212440491,2.75,1.2466700354707427e-05,5.880099820387841e-07,1.9900200366973877,640.0,0.5117800235748291,1.500890078887096e-08,6.21774972842104e-07,25.02589988708496,0.25,14540,2523001675032049868,3672703,268.32339388,42.78494604,0.0104871001094579,0.0102128004655241,56597.7247348,20.945999145507812,0.0177490003407001,21.062999725341797,0.0026940000243484,21.184099197387695,0.0280019994825124,262144005,524416,0,34,6281.60986328125,5916.080078125,0.0419484004378318,0.0408511012792587,1.0626499652862549,1.0318399667739868,4.140659809112549,0.5957440137863159,-0.9035130143165588,0.9965639710426332,0.9965639710426332,1.3195799589157104,0.1588629931211471,0.0038674199022352,0.1439539939165115,0.7914770245552063,0.7377240061759949,1.5190999874903356e-05,2.6962200649904844e-07,1.3640000361192506e-05,3.6741798936645864e-08,0.8753520250320435,2.5,1.2200100172776727e-05,3.416290041968751e-07,1.9786900281906128,3990.0,-0.1212240010499954,-1.7037599775449053e-08,4.189670050891437e-07,25.022899627685547,0.25,14540,2523001724155738316,3672886,268.3234048,42.78494858,0.0213348008692264,0.0206909999251365,55963.4569348,20.795799255371097,0.0478920005261898,21.071199417114254,0.0062580001540482,21.007999420166016,0.0750200003385543,195035141,524416,0,13,6281.47998046875,5916.1201171875,0.0853390023112297,0.0827637016773223,1.0210800170898438,1.011199951171875,-65.22669982910156,0.60869300365448,-0.2850030064582824,0.998097002506256,0.998097002506256,1.2343699932098389,0.1604509949684143,0.0066771898418664,0.1343149989843368,0.7844730019569397,0.5670639872550964,1.7444899640395306e-05,8.354770102414477e-07,1.3536900041799528e-05,8.47203978082689e-08,0.8786410093307495,2.7500100135803223,1.4348000149766447e-05,1.076390049092879e-06,1.9611799716949463,720.0,-1.0691499710083008,9.278600110462776e-09,1.3538500525100972e-06,25.034099578857425,0.2500010132789612,14540,2522999954629212364,3666294,268.32339365,42.78494312,0.0312522016465663,0.0301699005067348,56101.6293334,20.771900177001953,0.084487996995449,21.13789939880371,0.0059659997932612,21.286699295043945,0.1699299961328506,195035141,655360,0,12,6281.60009765625,5916.0498046875,0.125009000301361,0.120678998529911,0.852840006351471,0.8326709866523743,5.989439964294434,1.0549700260162354,-0.0035461499355733,0.9971629977226256,0.9971629977226256,1.3232200145721436,0.0810855031013488,0.000295723992167,0.1154830008745193,0.7033920288085938,0.4838970005512237,1.7832899175118655e-05,1.5066600553836906e-06,1.2730300113616975e-05,7.594859852133595e-08,0.8606160283088684,2.25,1.1100300071120728e-05,1.8862799606722549e-06,1.7584799528121948,880.0,-2.915940046310425,-1.905950064440276e-08,2.8048200420016656e-06,25.066499710083008,0.25,0.0125770728568776,,,,,,,,,,,,,,,,,,,,,,,,0.93280029296875,0.09469985961914062,-0.008199691772457385,-0.06669998168945668,0.013284090323849963,0.00742031215670257,0.006813237267206865,0.008646138991553396,-0.2108001708984375,-0.0029010772705078125,-0.12109947204589844,0.06319999694823863,-0.14879989624023438,12.586179314712401,0
PSO J175309.008+424742.949,,,,159352682875094927,963438000001843,255559144048434,0,14363237061714,15935,1,2208,78,0.443475504818815,963438,59502,3,503635968,60,268.28753725,42.79526372,0.0010000000474974,0.0010000000474974,268.28752477,42.79526322,0.0020500000100582,0.0022599999792873,56280.46642361,2.3940999507904053,-0.0219283747736438,-0.7334583073831409,0.6793806427257436,266.88307351110404,66.21602688618643,69.16781214633787,28.30036664153004,,10,87,9,8,40,15,15,1144648000000048,0,1,1923,2523000252324120451,3667403,268.28754147,42.79526603,0.0033789400476962,0.0033830399625003,56068.0502739,18.422399520874023,0.0053480002097785,18.375900268554688,0.0022219999227672,18.43320083618164,0.0058079999871551,262144069,524416,0,6,817.7130126953125,6072.35986328125,0.0135158002376556,0.013532199896872,1.3407000303268433,1.315269947052002,-35.378501892089844,0.3061980009078979,0.2157520055770874,0.9988150000572203,0.9988150000572203,1.5903700590133667,0.2395689934492111,-0.0013407500227913,0.2360910028219223,1.2227400541305542,0.9203090071678162,0.0001552519970573,8.302690162054205e-07,0.0001620499970158,3.599940043841343e-07,0.904075026512146,3.25,0.0001537229982204,8.927889894039254e-07,3.056849956512451,473.0,1.2379000186920166,6.1151901320499755e-09,6.409139814422815e-07,25.010499954223633,0.25,1923,2523000463582824323,3668190,268.28759254,42.79519529,0.0024530799128115,0.002303069923073,55929.6946975,17.497400283813477,0.005125000141561,17.310800552368164,0.0011759999906644,17.39929962158203,0.0052370000630617,262160391,524416,0,1,817.1810302734375,6071.31005859375,0.0098122898489236,0.0092122601345181,1.115149974822998,1.0742100477218628,51.4099006652832,0.2830660045146942,7.604360234836349e-07,0.9983689785003662,0.9983689785003662,4.461150169372559,0.1768780052661895,0.0166944991797208,0.2078080028295517,0.9817799925804138,0.7589010000228882,0.0003639440110418,1.8653900042409075e-06,0.0004322110034991,5.083199994260212e-07,0.8891630172729492,2.7500100135803223,0.0003983599890489,2.086060021611047e-06,2.4544498920440674,640.0,4.945260047912598,2.4417499133733145e-08,7.118790108506801e-07,25.02199935913086,0.2500010132789612,1923,2523001675300472707,3672704,268.28753499,42.79526649,0.0003075049899052,0.0003034310066141,56483.0735722,15.854900360107422,0.0005690000252798,15.864100456237791,0.0002859999949578,15.93649959564209,0.0005680000176653,262144069,524416,0,23,817.7429809570312,6072.35986328125,0.0012300199596211,0.0012137199519202,1.0424000024795532,1.012910008430481,9.679100036621094,0.6527780294418335,-0.4850359857082367,0.9989290237426758,0.9989290237426758,4.380270004272461,0.1551660001277923,-0.0027707500848919,0.1524530053138733,1.1540199518203735,0.8253740072250366,0.0016521400539204,9.394819926455966e-07,0.0016382000176236,4.680069878304494e-07,0.8891630172729492,2.75,0.0015324599808081,8.698950182406406e-07,2.885050058364868,2910.0,-0.6982250213623047,-1.4851499585688543e-08,4.232310004681495e-07,25.014799118041992,0.25,1923,2523001724424161155,3672887,268.28753769,42.79526097,0.0004656829987652,0.0004662649880629,55873.7635283,15.237500190734863,0.0009030000073835,15.241900444030762,0.0004689999914262,15.315500259399414,0.0008929999894462,262144069,524416,0,10,817.7260131835938,6072.2900390625,0.0018627300160005,0.0018650599522516,0.9938939809799194,0.9588490128517152,-80.63700103759766,0.7463529706001282,-0.8366990089416504,0.998714029788971,0.998714029788971,1.946239948272705,0.1475660055875778,4.3766300223069265e-05,0.153561994433403,1.152340054512024,0.8243600130081177,0.0029173099901527,2.633840040289215e-06,0.002905529923737,1.3640999441122403e-06,0.8865320086479187,2.75,0.002715130103752,2.4242899598903023e-06,2.880850076675415,600.0,-0.2061180025339126,-2.4171600276901013e-09,1.403490045959188e-06,25.03059959411621,0.25,1923,2522999954897635203,3666295,268.28753541,42.79526199,0.0005112679791636,0.0004945480031892,56085.8265796,14.958000183105469,0.0010379999876022,14.95639991760254,0.0003840000135824,15.03320026397705,0.0013060000492259,262144069,524416,0,15,817.7509765625,6072.27978515625,0.0020450700540095,0.0019781899172812,0.8889439702033997,0.8564429879188538,3.938270092010498,0.9851719737052916,-0.5574870109558105,0.9976530075073242,0.9976530075073242,1.7683900594711304,0.1142489984631538,0.0007563189719803,0.1102489978075027,1.3031699657440186,0.7815539836883545,0.0037740899715572,3.918999937013723e-06,0.0037796800024807,1.4518899433824115e-06,0.8645449876785278,2.25,0.0035213499795645,4.598609848471824e-06,3.257930040359497,710.0,-0.5865780115127563,-7.783990341181381e-09,2.768159902188927e-06,25.07320022583008,0.25,0.0157711152141498,,,,,,,,,,,,,,,,,,WISEA J175309.00+424742.8,IrS,,,,,1.0650997161865234,1.4467000961303729,0.6222000122070295,0.2855005264282209,0.002514012656058062,0.001210277643831584,0.0005493241202365296,0.0006061493235078787,-0.057300567626953125,-0.08849906921386719,-0.07239913940429865,-0.07359981536865234,-0.07680034637450994,4.056926101747817,0
PSO J175310.512+424756.199,,,,159352682938239323,963438000001953,255559144048544,0,14363237086679,15935,1,2208,78,0.366710783323935,963438,59502,3,436527104,52,268.2938016,42.7989442,0.0010000000474974,0.0010000000474974,268.29377378,42.79894425,0.0260899998247623,0.031980000436306,56296.47642361,0.6517999768257141,-0.0218470797816672,-0.7334170649426126,0.6794277842096075,266.8941706115515,66.21984123971897,69.17298135087067,28.29664381619275,,9,29,0,6,21,2,0,1144648000000060,0,1,1777,2523000252324120305,3667403,268.29379117,42.79894522,0.0713023021817207,0.0668303966522216,56068.0502739,22.13610076904297,0.1263179928064346,22.42110061645508,0.0143120000138878,,,35651585,4,0,3,750.593994140625,6124.009765625,0.2852090001106262,0.2673220038414001,1.341130018234253,1.31482994556427,-35.73149871826172,0.2978839874267578,,0.9976620078086852,0.9976620078086852,1.778439998626709,,,,,,5.076520210423041e-06,6.41256008293567e-07,3.904489858541638e-06,5.5879599614172555e-08,0.8984249830245972,3.25,,,,473.0,,6.3181198051154305e-09,6.458220127569803e-07,25.010499954223633,0.25,1777,2523000463582824177,3668190,268.29379902,42.79894743,0.0277801994234323,0.0260815005749464,55929.6946975,21.522199630737305,0.0580440014600753,22.961200714111328,0.0158680006861686,,,35651585,0,0,5,750.4979858398438,6124.02978515625,0.1111209988594055,0.1043260022997856,1.118939995765686,1.0775400400161743,50.456600189208984,0.2819690108299255,-8.704420187274014e-30,0.9980850219726562,0.9980850219726562,1.6435099840164185,0.1192329972982406,-0.0097201000899076,0.0944333001971244,,0.2966969907283783,8.935129699239042e-06,5.186340104046394e-07,2.3742099983792286e-06,3.767459944015173e-08,0.8891630172729492,2.7500100135803223,,,,640.0,-11.336000442504885,3.393759939740448e-08,7.155530283853295e-07,25.02199935913086,0.2500010132789612,1777,2523001675300472561,3672704,268.29378822,42.79893981,0.0169537998735904,0.0164809003472328,56483.0735722,21.283899307250977,0.0277379993349313,21.471200942993164,0.0037779998965561,21.56279945373535,0.047274000942707,102760453,128,0,28,750.5889892578125,6123.919921875,0.0678152963519096,0.0659236013889312,1.0425100326538086,1.0129300355911257,9.604780197143556,0.6528649926185608,0.2130019962787628,0.9983350038528442,0.9983350038528442,1.6374000310897827,0.1596219986677169,0.0043377899564802,0.1576279997825622,0.7947490215301514,0.7888860106468201,1.112829977500951e-05,3.086730089307821e-07,9.365279765916055e-06,3.5385799179721296e-08,0.8812710046768188,2.75,8.607859854237176e-06,4.06928990059896e-07,1.986870050430298,2910.0,1.245350003242493,-1.030720042649591e-08,4.276490130905586e-07,25.014799118041992,0.25,1777,2523001724424161009,3672887,268.29380418,42.79893783,0.0334034003317356,0.03141950070858,55873.7635283,21.41819953918457,0.0751440003514289,21.907899856567383,0.0101110003888607,21.740400314331055,0.1356579959392547,35651585,0,0,14,750.4299926757812,6123.89990234375,0.1336140036582946,0.12567800283432,0.9951189756393432,0.961538016796112,-80.61000061035156,0.7441890239715576,-0.0443787984549999,0.998592972755432,0.998592972755432,1.3115700483322144,0.1060919985175132,-0.0180462002754211,0.1750569939613342,0.786732017993927,0.6160029768943787,9.83398967946414e-06,7.389630241050327e-07,6.26383007329423e-06,6.333659996471397e-08,0.8865320086479187,2.75,7.308980002562748e-06,9.915170267049689e-07,1.9668300151824951,600.0,-2.010499954223633,-6.8034902156455246e-09,1.4149200069368817e-06,25.03059959411621,0.25,1777,2522999954897635057,3666295,268.29380517,42.79894445,0.0558422990143299,0.0533751994371414,56085.8265796,21.3789005279541,0.1496849954128265,21.38599967956543,0.007420000154525,21.48450088500977,0.21458600461483,35651585,0,0,15,750.4190063476562,6123.97998046875,0.2233690023422241,0.2135010063648224,0.8877599835395813,0.8549299836158752,4.414999961853027,0.9906659722328186,-0.7122460007667542,0.9971669912338256,0.9971669912338256,1.185479998588562,0.1079939976334571,0.0430533997714519,0.0878174975514411,0.7143430113792419,0.4834620058536529,1.0195900358667132e-05,1.5261599628502154e-06,1.0129600013897289e-05,7.51627027284485e-08,0.8645449876785278,2.25,9.251139999832958e-06,1.9851700017170515e-06,1.7858599424362185,710.0,-0.3688420057296753,1.3336600268587516e-08,2.7731900900107576e-06,25.07320022583008,0.25,0.0142014822050252,,,,,,,,,,,,,,,,,,,,,,,,-0.5401000976562464,1.489999771118164,-0.43669891357421875,0.5219001770019531,0.021368827533904886,0.016311552010603563,0.010793776544005306,0.012541480421253795,,,-0.0915985107421875,0.16749954223632812,-0.09850120544433949,195.95014085829223,0
PSO J175314.124+424752.627,,,,159352683088888073,963438000002238,255559144048829,0,14363238083973,15935,1,2208,78,0.873891183057699,963438,59502,3,436527104,52,268.308877,42.79792834,0.0010000000474974,0.0010000000474974,268.30885026,42.79795221,0.0269200000911951,0.0362700000405311,56486.64181713,0.7182000279426575,-0.0216544390734317,-0.7334345468922564,0.6794150798248192,266.9216648862795,66.21917311135383,69.1744841832328,28.285616198296605,,8,28,0,4,23,1,0,1144648000000096,0,1,1427,2523000252324119955,3667403,268.30887131,42.79792682,0.2926520109176636,0.2742969989776611,56068.0502739,23.527299880981445,0.5184569954872131,,0.0178859997540712,,,35651585,4,0,2,591.4879760742188,6106.1298828125,1.170609951019287,1.097190022468567,1.3420599699020386,1.313639998435974,-36.49340057373047,0.2781420052051544,,0.9982540011405944,0.9982540011405944,1.5331499576568604,,,,,,1.4096000313656989e-06,7.308159979402262e-07,-2.376300017203903e-06,4.250280127848782e-08,0.8984249830245972,3.25,,,,473.0,,6.404230035172986e-09,6.406889951904304e-07,25.010499954223633,0.25,1427,2523000463582823827,3668190,268.30889664,42.79792885,0.0402260981500148,0.0377661995589733,55929.6946975,22.023500442504883,0.0840490013360977,22.187599182128903,0.0111130001023411,22.190399169921875,0.1253589987754821,35651585,0,0,6,591.208984375,6106.14013671875,0.1609040051698684,0.1510650068521499,1.128059983253479,1.0853999853134155,48.28850173950195,0.2793479859828949,-0.7470729947090149,0.9978579878807068,0.9978579878807068,1.3065799474716189,0.1398780047893524,0.0073521500453352,0.1429039984941482,0.7863820195198059,0.6305570006370544,5.631280146189965e-06,4.733030039005826e-07,4.84115980725619e-06,5.3797698740254425e-08,0.8944240212440491,2.7500100135803223,4.828630153497215e-06,6.053140282347158e-07,1.9659500122070312,640.0,-0.322501003742218,4.6055298241753924e-08,7.256310254888376e-07,25.02199935913086,0.2500010132789612,1427,2523001675300472211,3672704,268.30886831,42.79792782,0.0171734001487493,0.0166551992297172,56483.0735722,21.55590057373047,0.0284349992871284,21.53820037841797,0.0038970001041889,21.835899353027344,0.0485769994556903,102760453,128,0,38,591.4829711914062,6106.14013671875,0.068693496286869,0.0666209012269973,1.0425100326538086,1.0129300355911257,9.604780197143556,0.6528649926185608,-0.1901620030403137,0.9980360269546508,0.9980360269546508,1.300179958343506,0.1542769968509674,0.007198910228908,0.1439869999885559,0.7947490215301514,0.710873007774353,8.662280379212461e-06,2.463150110543211e-07,8.804629942460451e-06,3.4310300378592735e-08,0.8733789920806885,2.75,6.693599971185904e-06,3.251539908433188e-07,1.986870050430298,2910.0,-1.310099959373474,-6.625129778115024e-09,4.278059861917427e-07,25.014799118041992,0.25,1427,2523001724424160659,3672887,268.30888331,42.79793752,0.048404399305582,0.0455296002328395,55873.7635283,21.495399475097656,0.1088899970054626,21.927400588989254,0.0102030001580715,21.859399795532227,0.1952739953994751,35651585,0,0,10,591.3309936523438,6106.27978515625,0.1936179995536804,0.1821189969778061,0.9980180263519288,0.9678919911384584,-80.53569793701172,0.7390679717063904,-0.062847800552845,0.998462975025177,0.998462975025177,1.3660399913787842,0.1604450047016143,-0.0397366993129253,0.1450950056314468,0.786732017993927,0.5252619981765747,9.158859938906971e-06,9.97306983663293e-07,6.15227008893271e-06,6.276999897636415e-08,0.8839020133018494,2.75,6.550099897140171e-06,1.2790600294465548e-06,1.9668300151824951,600.0,-1.8602700233459473,-8.83061002099339e-09,1.4421000287256902e-06,25.03059959411621,0.25,1427,2522999954897634707,3666295,268.30883425,42.79790337,0.0506430007517337,0.0484055988490581,56085.8265796,21.318700790405273,0.1357479989528656,22.0039005279541,0.0098620001226663,21.88479995727539,0.2933290004730224,35651585,0,0,13,591.8599853515625,6105.7900390625,0.2025720030069351,0.1936230063438415,0.8856899738311768,0.852262020111084,5.227270126342773,1.0003199577331543,-0.0094345500692725,0.9974179863929749,0.9974179863929749,1.208459973335266,0.0810758993029594,0.0105039998888969,0.0683640986680984,0.693822979927063,0.6703469753265381,1.0777100214909296e-05,1.4629599718318786e-06,5.733949819841655e-06,5.655000023807588e-08,0.8645449876785278,2.25,6.398629921022803e-06,1.8769000007523573e-06,1.7345600128173828,710.0,-2.5958900451660156,4.7050200180365216e-08,2.773240112219355e-06,25.07320022583008,0.25,0.0095093955598226,,,,,,,,,,,,,,,,,,,,,,,,,0.649398803710934,-0.3892002105712855,-0.0764999389648473,0.021057249546825158,0.011776475749844757,0.010921896448770028,0.014190146533601306,,-0.0027999877929723027,-0.297698974609375,0.0680007934570277,0.11910057067871094,,0
PSO J175314.416+424728.880,,,,159352683100980167,963438000037345,255559144083938,0,14363238073874,15935,1,2208,68,0.66756637363468,963438,59502,3,176480256,21,268.31006907,42.79135568,0.0010000000474974,0.0010000000474974,268.3100478,42.79131218,0.0340999998152256,0.0598400011658668,56401.25196759,1.545300006866455,-0.0216414314453865,-0.7335136978350641,0.679330040211181,266.92432198535107,66.21256146275535,69.1673149807318,28.283378968379076,,9,25,1,3,18,3,0,1144648000001132,1,1,1397,2523000252324119925,3667403,268.31006741,42.79126977,0.132422998547554,0.1241180002689361,56068.0502739,22.964799880981445,0.2345989942550659,22.66699981689453,0.0160280000418424,,,35651585,532484,65536,4,580.7379760742188,6010.0,0.5296940207481384,0.4964730143547058,1.3421200513839722,1.3135600090026855,-36.54140090942383,0.2768079936504364,,0.958675980567932,0.958675980567932,1.3966100215911863,,,,,,2.366359922234551e-06,5.551460162678268e-07,3.113140110144741e-06,4.9896499376700376e-08,0.4821740090847015,3.25,,,,473.0,,8.402830431464281e-09,6.334980184874439e-07,25.010499954223633,0.25,1397,2523000463582823797,3668190,268.3100972,42.79135695,0.0340304002165794,0.0319494009017944,55929.6946975,21.84939956665039,0.071103997528553,21.5177001953125,0.0081620002165436,21.31329917907715,0.077174000442028,262160391,655360,196608,6,580.3870239257812,6011.22998046875,0.13612100481987,0.1277969926595688,1.1286799907684326,1.085919976234436,48.14699935913086,0.2791700065135956,2.058319958919696e-09,0.9987800121307372,0.9987800121307372,1.482300043106079,0.2137340009212494,-0.0091190701350569,0.241565003991127,1.082919955253601,0.8092550039291382,6.610429863940226e-06,4.700249860434269e-07,8.97290010470897e-06,7.324130280039753e-08,0.8891630172729492,2.7500100135803223,1.0831599865923636e-05,8.359230037058296e-07,2.7073099613189697,640.0,5.99314022064209,3.708549911607406e-08,7.259409926518856e-07,25.02199935913086,0.2500010132789612,1397,2523001675300472181,3672704,268.31007074,42.79127556,0.0134199000895023,0.0129396999254822,56483.0735722,21.58769989013672,0.0297570005059242,21.13719940185547,0.0032399999909102,20.94860076904297,0.0303259994834661,262160391,655360,196608,38,580.6649780273438,6010.06982421875,0.0536796003580093,0.051758699119091,1.0425100326538086,1.0129300355911257,9.604780197143556,0.6528649926185608,0.0,0.9977830052375792,0.9977830052375792,4.810120105743408,0.2269410043954849,0.017340999096632,0.248211994767189,1.105739951133728,0.883683979511261,8.41214023239445e-06,2.503230120964872e-07,1.2738800251099748e-05,4.1269800021837e-08,0.8865320086479187,2.75,1.5154500033531804e-05,4.595810025875835e-07,2.764349937438965,2910.0,15.047499656677246,-1.0095999591896998e-08,4.224189922297228e-07,25.014799118041992,0.25,1397,2523001724424160629,3672887,268.30998915,42.79130734,0.0350578017532825,0.0329756997525692,55873.7635283,21.33720016479492,0.078865997493267,20.763099670410156,0.0059679998084902,20.741199493408203,0.079706996679306,262160391,655360,196608,11,581.5269775390625,6010.5498046875,0.1402319967746734,0.1319029927253723,0.9981970191001892,0.9682829976081848,-80.53060150146484,0.7387530207633972,1.325680017150166e-12,0.9996219873428344,0.9996219873428344,1.5625499486923218,0.2084549963474273,0.0089345099404454,0.2043939977884292,1.0239499807357788,0.8337759971618652,1.0595100320642814e-05,8.355870022569434e-07,1.7979300537263043e-05,1.0730499866440368e-07,0.8786410093307495,2.75,1.834479917306453e-05,1.4622099797634291e-06,2.559880018234253,600.0,7.091599941253662,2.463790060858173e-09,1.4328700217447476e-06,25.03059959411621,0.25,1397,2522999954897634677,3666295,268.30993583,42.79135737,0.0571551993489265,0.0546302013099193,56085.8265796,21.313600540161133,0.1532039940357208,21.035400390625,0.0063140001147985,20.74850082397461,0.1486809998750686,262160391,655360,196608,8,582.0770263671875,6011.27001953125,0.2286210060119629,0.2185209989547729,0.8856899738311768,0.852262020111084,5.227270126342773,1.0003199577331543,9.977859917853492e-06,0.9961959719657898,0.9961959719657898,1.3840899467468262,0.1529639959335327,-0.001553039997816,0.2156160026788711,0.904794991016388,0.7452279925346375,1.0828000085894018e-05,1.6588900280112284e-06,1.3991199921292718e-05,8.833509923533711e-08,0.8645449876785278,2.25,1.822259946493432e-05,2.70935993285093e-06,2.2619900703430176,710.0,4.41765022277832,3.1856199456115064e-08,2.777889903882169e-06,25.07320022583008,0.25,0.0035771247433632,,,,,,,,,,,,,,,,,,,,,,,,1.1492996215820312,0.38050079345703125,0.3740997314453125,-0.27230072021484375,0.01798652364622352,0.008781562928998224,0.0067907747463185055,0.008688130936157359,,0.20440101623535156,0.1885986328125,0.021900177001953125,0.2868995666503906,21.11134638614206,0
PSO J175315.893+424729.255,,,,159352683161830405,963438000002410,255559144049001,0,14363235204695,15935,1,2208,68,0.834366511399268,963438,59502,3,168091648,20,268.31624126,42.79145583,0.0010000000474974,0.0010000000474974,268.31622249,42.79145989,0.0153099996969103,0.0146399997174739,56566.98288194,0.7060999870300293,-0.0215623300638264,-0.733514275267171,0.6793319320490503,266.93554070784967,66.21284065497348,69.16854691130725,28.27897709433868,,8,52,0,2,35,11,4,1144648000000118,1,1,1227,2523000252324119755,3667403,268.31623532,42.79145072,0.2542870044708252,0.2383390069007873,56068.0502739,23.705699920654297,0.4504910111427307,24.682899475097656,0.0405559986829757,,,186646529,655364,65536,4,515.4849853515625,6011.2998046875,1.0171500444412231,0.9533550143241882,1.3424299955368042,1.313099980354309,-36.783599853515625,0.269892007112503,,0.974602997303009,0.974602997303009,1.747499942779541,,,,,,1.1960099755015108e-06,5.387900046116556e-07,4.862159812546452e-07,1.9718999766382698e-08,0.4821740090847015,3.25,,,,473.0,,6.4374701125302636e-09,6.357519737321127e-07,25.010499954223633,0.25,1227,2523000463582823627,3668190,268.31624063,42.79145399,0.0405411012470722,0.038061998784542,55929.6946975,22.028400421142575,0.084706999361515,22.371599197387695,0.0120949996635317,22.177600860595703,0.1222259998321533,195035141,655360,196608,6,515.4169921875,6011.330078125,0.1621640026569366,0.1522479951381683,1.1318700313568115,1.088610053062439,47.434200286865234,0.2782590091228485,-0.8978170156478882,0.9992780089378356,0.9992780089378356,1.5120400190353394,0.1480939984321594,-0.0125879999250173,0.1735060065984726,0.7863820195198059,0.6766570210456848,5.605790192930726e-06,4.748509923047095e-07,4.08668984164251e-06,4.9428198423129295e-08,0.8865320086479187,2.7500100135803223,4.885900125373155e-06,5.971829750706092e-07,1.9659500122070312,640.0,-0.1284199953079223,3.679449989135719e-08,7.234770009745262e-07,25.02199935913086,0.2500010132789612,1227,2523001675300472011,3672704,268.31622911,42.79145259,0.0096720596775412,0.0094098197296261,56483.0735722,20.9060001373291,0.0166090000420808,20.89739990234375,0.0029009999707341,20.982500076293945,0.0272669997066259,262144005,524416,196608,37,515.5139770507812,6011.31005859375,0.0386882983148098,0.0376393012702465,1.0425100326538086,1.0129300355911257,9.604780197143556,0.6528649926185608,0.2511749863624573,0.9995610117912292,0.9995610117912292,1.248829960823059,0.1577890068292617,-0.0005895710201002,0.1577910035848617,0.93811297416687,0.7891619801521301,1.576229988131672e-05,2.617960035422584e-07,1.5886800611042418e-05,4.6087901495184276e-08,0.8839020133018494,2.75,1.4689599993289448e-05,4.005470088941365e-07,2.3452799320220947,2910.0,1.1475000381469729,-7.613100372338977e-09,4.239460054122901e-07,25.014799118041992,0.25,1227,2523001724424160459,3672887,268.31624485,42.79145579,0.0201310999691486,0.020448600873351,55873.7635283,20.475799560546875,0.0366920009255409,20.480300903320312,0.0052399998530745,20.638599395751953,0.0607159994542598,262144005,655488,196608,10,515.35498046875,6011.3701171875,0.0805244967341423,0.0817945003509521,0.999226987361908,0.970537006855011,-80.49960327148438,0.7369329929351807,-0.573091983795166,0.9989699721336364,0.9989699721336364,1.20947003364563,0.1405670046806335,0.0015111200045794,0.1500830054283142,0.8860909938812256,0.7802519798278809,2.342409970879089e-05,8.594799965067068e-07,2.3328500901698135e-05,1.2223000567246345e-07,0.8839020133018494,2.75,2.0164099623798393e-05,1.2242800266903942e-06,2.2152299880981445,600.0,-0.5635039806365967,1.2284000483475666e-09,1.4337999800773105e-06,25.03059959411621,0.25,1227,2522999954897634507,3666295,268.31626094,42.79146576,0.0235182996839284,0.0224792994558811,56085.8265796,20.414899826049805,0.0630410015583038,20.569700241088867,0.0050949999131262,20.730199813842773,0.10309399664402,195035141,655360,196608,10,515.1829833984375,6011.490234375,0.0940733030438423,0.0899171009659767,0.8856899738311768,0.852262020111084,5.227270126342773,1.0003199577331543,-0.1264809966087341,0.9973070025444032,0.9973070025444032,1.3026399612426758,0.1181309968233108,0.0011036499636247,0.1061969995498657,0.693822979927063,0.6066129803657532,2.477750058460515e-05,1.5619799569321913e-06,2.148460043827072e-05,1.094630022180354e-07,0.856685996055603,2.25,1.8531700334278867e-05,1.9105100363958627e-06,1.7345600128173828,710.0,-1.528130054473877,2.5295999961372218e-08,2.786410050248378e-06,25.07320022583008,0.25,0.0074003473745408,,,,,,,,,,,,,,,,,,,,,,,,2.311300277709961,1.4741992950439453,0.4170989990234375,-0.08939933776855469,0.04232113001840049,0.012438039141722911,0.005989440649210912,0.007308667633363605,,0.1939983367919922,-0.08510017395019531,-0.15829849243164062,-0.16049957275390625,54.053207626451275,0
PSO J175316.048+424756.637,,,,159352683168859502,963438000002429,255559144049020,0,14363238132037,15935,1,2208,78,0.377576697038092,963438,59502,3,444915712,53,268.31686713,42.79906587,0.0010000000474974,0.0010000000474974,268.31684636,42.7990708,0.0109999999403953,0.0111800003796815,56345.81217593,1.1394000053405762,-0.0215516923976903,-0.7334243031152906,0.6794294048351497,266.9361285230485,66.22046163427784,69.17710903844528,28.280108812196953,,9,62,0,7,31,14,10,1144648000000120,0,1,1207,2523000252324119735,3667403,268.31692888,42.79900742,0.0898874029517173,0.0842498987913131,56068.0502739,22.60650062561035,0.1592430025339126,22.485700607299805,0.0147439995780587,,,186646529,655360,0,4,506.0140075683594,6119.990234375,0.3595499992370605,0.3370000123977661,1.3424299955368042,1.313099980354309,-36.783599853515625,0.269892007112503,-0.1718329936265945,0.9671040177345276,0.9671040177345276,1.9199700355529783,0.2240000069141388,0.1071010008454322,0.2324849963188171,,0.7765719890594482,3.2915600058913697e-06,5.241579970061139e-07,3.678829898490221e-06,5.4240800295701774e-08,0.4821740090847015,3.25,,,,473.0,-1.3663400411605835,3.272480064708816e-09,6.450230216614727e-07,25.010499954223633,0.25,1207,2523000463582823607,3668190,268.31687994,42.79904832,0.018657099455595,0.0175161994993686,55929.6946975,21.04640007019043,0.0389820002019405,20.66819953918457,0.0055200001224875,20.83049964904785,0.0514240004122257,262160391,524416,0,5,506.5079956054687,6120.580078125,0.0746281966567039,0.0700645968317985,1.1318700313568115,1.088610053062439,47.434200286865234,0.2782590091228485,5.1563201708404456e-08,0.9996500015258788,0.9996500015258788,1.5452200174331665,0.2171469926834106,0.0042045800946652,0.1907169967889785,1.0155600309371948,0.7826579809188843,1.384959978167899e-05,5.398890152719105e-07,1.962180067494046e-05,1.0830800079020265e-07,0.8786410093307495,2.7500100135803223,1.689629971224349e-05,8.688680281920824e-07,2.5388998985290527,640.0,5.44582986831665,4.7211898390742135e-08,7.239279966597678e-07,25.02199935913086,0.2500010132789612,1207,2523001675300471991,3672704,268.3168648,42.79906585,0.0044271699152886,0.0042687500827014,56483.0735722,20.20330047607422,0.0098169995471835,19.980100631713867,0.0019010000396519,,,253771783,4849792,0,32,506.6380004882813,6120.83984375,0.0177087001502513,0.0170750003308057,1.0425100326538086,1.0129300355911257,9.604780197143556,0.6528649926185608,5.823020123140412e-19,0.9814370274543762,0.9814370274543762,3.2246899604797363,0.1952819973230362,0.0168935991823673,0.1892320066690445,,0.9006540179252625,3.010850014106836e-05,2.955700040274678e-07,3.698000000440515e-05,7.031560045334119e-08,0.6655570268630981,2.75,,,,2910.0,8.895359992980957,-3.614399890494724e-09,4.294309974284261e-07,25.014799118041992,0.25,1207,2523001724424160439,3672887,268.31687161,42.7990607,0.0093142297118902,0.0087610399350523,55873.7635283,19.957700729370117,0.0209529995918273,19.563800811767575,0.0034360000863671,19.81049919128418,0.0282930005341768,262160391,524416,0,14,506.5759887695313,6120.77001953125,0.0372570008039474,0.0350442007184028,0.999226987361908,0.970537006855011,-80.49960327148438,0.7369329929351807,1.85828999757498e-12,0.998878002166748,0.998878002166748,1.5318200588226318,0.2035509943962097,0.0140759004279971,0.198633000254631,0.9504629969596864,0.8646479845046997,3.775060031330213e-05,7.909940222816658e-07,5.42601992492564e-05,1.8641300414401485e-07,0.8865320086479187,2.75,4.323109897086397e-05,1.2231199661982828e-06,2.376159906387329,600.0,7.04472017288208,-1.1564799784480329e-08,1.4451200058829272e-06,25.03059959411621,0.25,1207,2522999954897634487,3666295,268.31685308,42.79906705,0.0132572995498776,0.0126716000959277,56085.8265796,19.808000564575195,0.0355359986424446,19.3164005279541,0.002860999898985,,,253771783,4849792,0,13,506.77099609375,6120.85009765625,0.0530293993651866,0.0506866015493869,0.8856899738311768,0.852262020111084,5.227270126342773,1.0003199577331543,7.128759978628975e-18,0.996317982673645,0.996317982673645,1.4289900064468384,0.1593499928712844,0.0111071998253464,0.1467649936676025,,0.8547030091285706,4.3331099732313305e-05,1.5398200048366562e-06,6.814380321884528e-05,1.9494800085340105e-07,0.8370370268821716,2.25,,,,710.0,8.61281967163086,3.679690152580406e-08,2.783149966489873e-06,25.07320022583008,0.25,0.0127877468483927,,,,,,,,,,,,,,,,,,,,,,,,1.8175010681152344,0.6880989074707031,0.4162998199462926,0.247400283813473,0.015743440694780068,0.0058381677350876566,0.003926817763058434,0.00447117624518503,,-0.16230010986328125,,-0.24669837951660512,,26.467549219726678,0
PSO J175318.143+424746.625,,,,159352683257056158,963438000038958,255559144085551,0,14363235244318,15935,1,2208,78,0.366342830812878,963438,59502,3,436527104,52,268.32559947,42.79628494,0.0010000000474974,0.0010000000474974,268.32554909,42.79628451,0.0442500002682209,0.0357000008225441,56750.88550926,0.5561000108718872,-0.0214412568226559,-0.7334605938007502,0.679393722260749,266.952157586451,66.21786105200164,69.17551913150602,28.273283860358056,,16,15,0,0,13,2,0,1144618000001552,0,1,14482,2523000252055697554,3667402,268.32559698,42.79628594,0.1165950000286102,0.108985997736454,56127.1935893,23.15710067749023,0.2139620035886764,22.91469955444336,0.0165790002793073,,,35651585,4,0,6,6255.169921875,6078.9501953125,0.4663819968700409,0.4359430074691772,1.3010200262069702,1.276550054550171,17.45789909362793,0.2286880016326904,,0.9988369941711426,0.9988369941711426,1.6837899684906006,,,,,,1.9822100512101315e-06,4.241180135977629e-07,2.4781400043139e-06,4.1085900903681256e-08,0.8996679782867432,3.0,,,,559.0,,-2.113580066520626e-08,6.59029979033221e-07,25.016000747680664,0.25,14482,2523000463314401426,3668189,268.32565188,42.79631527,0.0776033997535705,0.0739801973104476,56057.3100078,22.79610061645508,0.1630190014839172,,0.0172489993274211,22.412599563598633,0.1953579932451248,35651585,0,0,6,6254.5498046875,6079.3701171875,0.3104130029678345,0.2959209978580475,1.16048002243042,1.110159993171692,47.07400131225586,0.2472539991140365,0.0110831996425986,0.99959397315979,0.99959397315979,1.1912399530410769,0.2635929882526397,-0.015204899944365,0.1999299973249435,1.046149969100952,0.8583319783210754,2.76414994004881e-06,4.506080131250201e-07,-1.8618600279296516e-06,3.2114698456098274e-08,0.8812710046768188,2.75,3.935219865525141e-06,7.687789889132546e-07,2.615380048751831,640.0,2.540060043334961,1.5434299172056853e-08,6.149469982119626e-07,25.02589988708496,0.25,14482,2523001675032049810,3672703,268.32559597,42.79628713,0.0211309995502233,0.0206025000661611,56597.7247348,21.82069969177246,0.0352809987962245,22.154800415039062,0.0044539999216794,22.04960060119629,0.0571400001645088,102760453,128,0,42,6255.1298828125,6078.97021484375,0.0845239982008934,0.0824097990989685,1.0626499652862549,1.0318399667739868,4.140659809112549,0.5957440137863159,0.2214439958333969,0.9960790276527404,0.9960790276527404,1.311710000038147,0.154462993144989,-0.0064187198877334,0.1472869962453842,0.7914770245552063,0.7516880035400391,6.787839993194211e-06,2.3948300054144056e-07,4.9899399527930655e-06,2.2222900852852945e-08,0.8785349726676941,2.5,5.4974298109300435e-06,3.1412099588123965e-07,1.9786900281906128,3990.0,1.2226999998092651,-2.02423997563983e-08,4.192739879727015e-07,25.022899627685547,0.25,14482,2523001724155738258,3672886,268.3256209,42.79627325,0.0332905985414981,0.0322859995067119,55963.4569348,21.404800415039062,0.0747309997677803,21.292800903320312,0.0069309999234974,21.532699584960938,0.1187200024724006,35651585,0,0,14,6254.85986328125,6078.77001953125,0.1331620067358017,0.1291439980268478,1.0210800170898438,1.011199951171875,-65.22669982910156,0.60869300365448,-0.8488559722900391,0.9984470009803772,0.9984470009803772,1.2244900465011597,0.1640830039978027,0.0086884098127484,0.1525920033454895,0.8427000045776367,0.7029150128364563,9.955680070561357e-06,7.439959972543875e-07,1.1037899639632087e-05,7.650179867368935e-08,0.8944240212440491,2.7500100135803223,8.849549885781016e-06,1.050619971465494e-06,2.106750011444092,720.0,-0.1905779987573623,-1.8173800242493598e-09,1.3626899999508169e-06,25.034099578857425,0.2500010132789612,14482,2522999954629212306,3666294,268.3255464,42.79626525,0.0503374002873897,0.0485940985381603,56101.6293334,21.22100067138672,0.1360830068588256,21.2898006439209,0.0063979998230934,21.322500228881836,0.187729999423027,35651585,0,0,10,6255.64990234375,6078.68017578125,0.2013500034809112,0.1943760067224502,0.852840006351471,0.8326709866523743,5.989439964294434,1.0549700260162354,0.5001320242881775,0.9980069994926452,0.9980069994926452,1.2903300523757937,0.0843041017651557,-0.0041264500468969,0.1247069984674453,0.7033920288085938,0.3279249966144562,1.1792400073318277e-05,1.6047499684646027e-06,1.1067800187447574e-05,7.081600017500024e-08,0.856685996055603,2.25,1.074030024028616e-05,2.0162699456705013e-06,1.7584799528121948,880.0,0.6742820143699646,2.992209857666239e-08,2.9048298983980203e-06,25.066499710083008,0.25,0.0156866404343705,,,,,,,,,,,,,,,,,,,,,,,,,,0.86199951171875,0.0030002593994140625,0.02392469912159075,0.01781477176670231,0.008238742333744943,0.009432558596469154,,,0.10519981384277344,-0.239898681640625,-0.0326995849609375,,0
PSO J175318.696+424738.517,,,,159352683278913501,963438000002653,255559144049244,0,14363235252996,15935,1,2208,78,0.198590559138535,963438,59502,3,503636096,60,268.32790409,42.79403255,0.0010000000474974,0.0010000000474974,268.32789371,42.79403491,0.00412999978289,0.0038300000596791,56361.91130787,7.468900203704834,-0.0214120209647164,-0.7334881336536151,0.67936491162522,266.95658265496775,66.215661937387,69.17342611570247,28.271133796259186,,20,89,7,6,45,15,16,1144618000000018,0,1,14434,2523000252055697506,3667402,268.32790955,42.79404699,0.0177974998950958,0.0178066994994878,56127.1935893,20.78660011291504,0.0264860000461339,20.870500564575195,0.0064670001156628,20.99329948425293,0.0391179993748664,262144005,524416,0,7,6231.35009765625,6046.22021484375,0.0711899995803833,0.0712267979979515,1.3010200262069702,1.276550054550171,17.45789909362793,0.2286880016326904,-0.1257209926843643,0.9993900060653688,0.9993900060653688,1.7452199459075928,0.2119040042161941,-0.0165454000234603,0.1903479993343353,0.916113018989563,0.7333289980888367,1.759410042723175e-05,4.659979992993613e-07,1.6285399397020228e-05,1.0532399841167717e-07,0.8996679782867432,3.0,1.4543299585056955e-05,5.689059889846249e-07,2.2902801036834717,559.0,-1.5312000513076782,-2.0036100778497712e-08,6.534789918077877e-07,25.016000747680664,0.25,14434,2523000463314401378,3668189,268.32789916,42.79403411,0.0052102701738476,0.0052639301866292,56057.3100078,19.39150047302246,0.0091150002554059,19.43939971923828,0.0031340001150965,19.495500564575195,0.0128210000693798,262144069,524416,0,6,6231.43017578125,6046.0400390625,0.0208410993218421,0.0210557002574205,1.16048002243042,1.110159993171692,47.07400131225586,0.2472539991140365,-0.7962999939918518,0.9976720213890076,0.9976720213890076,1.2437399625778198,0.1647779941558838,0.0042799301445484,0.1631570011377334,0.986972987651825,0.8062189817428589,6.35937976767309e-05,5.796450182060653e-07,6.0844598920084536e-05,1.9068100698405033e-07,0.8812710046768188,2.75,5.778139893664047e-05,7.408079909509979e-07,2.4674301147460938,640.0,-0.2581390142440796,1.53474992714564e-08,6.163400030345656e-07,25.02589988708496,0.25,14434,2523001675032049762,3672703,268.32790428,42.79402473,0.0008411330054514,0.0008160570287145,56597.7247348,17.865400314331055,0.0014939999673515,17.858600616455078,0.0006159999757073,17.945999145507812,0.0020049999002367,262144069,524416,0,39,6231.3701171875,6045.89990234375,0.0033645299263298,0.0032642199657857,1.0626499652862549,1.0318399667739868,4.140659809112549,0.5957440137863159,0.7803400158882141,0.9970750212669371,0.9970750212669371,1.4098199605941772,0.1591210067272186,-6.905519694555551e-05,0.1537210047245025,1.07941997051239,0.8326050043106079,0.0002593109966255,3.874249898672133e-07,0.0002609409857541,1.6070299579951097e-07,0.8785349726676941,2.5,0.0002407769934507,4.826489998777106e-07,2.69854998588562,3990.0,0.2788760066032409,-1.959170070620075e-08,4.192120002244337e-07,25.022899627685547,0.25,14434,2523001724155738210,3672886,268.32790151,42.79403092,0.0015213199658319,0.0015092799440026,55963.4569348,17.05620002746582,0.002820000052452,17.1028995513916,0.001005999976769,17.16950035095215,0.0039570000953972,262144069,524416,0,9,6231.3798828125,6046.0,0.0060852598398923,0.0060370899736881,1.0210800170898438,1.011199951171875,-65.22669982910156,0.60869300365448,-0.1937389969825744,0.9978299736976624,0.9978299736976624,1.4756699800491333,0.1451649963855743,-0.0002375170006416,0.1481080055236816,1.1891900300979614,0.7969470024108887,0.0005464120185934,1.5406600368805812e-06,0.0005234159762039,5.268070140118652e-07,0.8865320086479187,2.7500100135803223,0.0004922859952785,1.9479100501484936e-06,2.972990036010742,720.0,-1.2996000051498413,4.1861100696927167e-10,1.3609100051326095e-06,25.034099578857425,0.2500010132789612,14434,2522999954629212258,3666294,268.32790283,42.79403119,0.0015299899969249,0.0015040299622341,56101.6293334,16.774799346923828,0.0031799999997019,16.778900146484375,0.0008009999874047,16.894699096679688,0.0048810001462697,262144069,524416,0,12,6231.3798828125,6046.0,0.0061199702322483,0.0060160998255014,0.852840006351471,0.8326709866523743,5.989439964294434,1.0549700260162354,-0.7327489852905273,0.9964849948883056,0.9964849948883056,1.358839988708496,0.1163230016827583,0.0007478540064767,0.1125610023736953,1.0740599632263184,0.7794970273971558,0.0007080949726514,2.251880005132989e-06,0.0007054259767755,5.653619723489101e-07,0.8645449876785278,2.25,0.0006340540130622,3.0950800464779604e-06,2.685159921646118,880.0,-0.3414709866046905,2.0081499130242264e-08,2.8847300654888386e-06,25.066499710083008,0.25,0.0163095229917549,,,,,,,,,,,,,,,,,,WISEA J175318.69+424738.5,IrS,,,,,1.431100845336914,1.5807991027832031,0.7557010650634766,0.32399940490722656,0.007186379284271569,0.003193965042309679,0.0011796151589949253,0.0012859381528991035,-0.12279891967773438,-0.05610084533691406,-0.08739852905273438,-0.06660079956054688,-0.1157989501953125,18.10371431687999,0
PSO J175310.475+424801.140,,,,159362682936291009,963438000001952,255559144048543,0,14363237075753,15936,1,2208,78,0.000818653032946,963438,59502,3,503635968,60,268.29364737,42.80031669,0.0010000000474974,0.0010000000474974,268.2936361,42.80031842,0.0028800000436604,0.0029800001066178,56304.08293981,1.2170000076293943,-0.0218483569259089,-0.733400724203717,0.6794453819381668,266.8938200755488,66.22121184933019,69.1744843455256,28.29702745882155,,10,85,7,8,40,16,14,1144648000000059,0,1,1780,2523000252324120308,3667403,268.29365904,42.80032111,0.0069811600260436,0.0070889699272811,56068.0502739,19.348800659179688,0.0108300000429153,19.32489967346191,0.0034390001092106,19.385799407958984,0.0134190004318952,102760517,128,0,4,751.594970703125,6143.85986328125,0.0279245991259813,0.0283559001982212,1.3411200046539309,1.31482994556427,-35.72639846801758,0.2980070114135742,0.4988859891891479,0.9985859990119934,0.9985859990119934,1.6274700164794922,0.2293770015239715,-0.0016747099580243,0.2369479984045028,1.1523100137710571,0.8943219780921936,6.614089943468571e-05,7.163139912336192e-07,6.761239637853578e-05,2.3253299730185975e-07,0.9003080129623413,3.25,6.392489740392193e-05,8.578110168855346e-07,2.8807899951934814,473.0,0.6762440204620361,6.2944698342448654e-09,6.478439900092781e-07,25.010499954223633,0.25,1780,2523000463582824180,3668190,268.29364525,42.80031825,0.0026137300301343,0.0026287399232387,55929.6946975,18.42569923400879,0.004923999775201,18.450599670410156,0.0019880000036209,18.518699645996097,0.0057830000296235,102760517,128,0,6,751.72998046875,6143.7998046875,0.0104548996314406,0.0105149000883102,1.118880033493042,1.0774799585342407,50.473201751708984,0.2819879949092865,-0.7738080024719238,0.9986550211906432,0.9986550211906432,1.5312700271606443,0.1604570001363754,0.0037626300472766,0.1550330072641372,1.014780044555664,0.8226439952850342,0.0001547809952171,7.620939754815481e-07,0.0001512790040578,3.0073201173763664e-07,0.8839020133018494,2.7500100135803223,0.0001420799962943,8.216690048357123e-07,2.536940097808838,640.0,-0.2873980104923248,3.52550983961919e-08,7.153540195758978e-07,25.02199935913086,0.2500010132789612,1780,2523001675300472564,3672704,268.2936459,42.80031656,0.0010828200029209,0.0010606499854475,56483.0735722,18.06599998474121,0.0019420000026002,18.09309959411621,0.0007970000151544,,,102760453,128,0,32,751.697998046875,6143.77978515625,0.0043312702327966,0.0042425999417901,1.0425100326538086,1.0129300355911257,9.604780197143556,0.6528649926185608,-0.2400200068950653,0.99890398979187,0.99890398979187,1.6644200086593628,0.15310899913311,-0.0013095199828967,0.1491930037736892,,0.8189550042152405,0.0002155749971279,4.1857398969114e-07,0.0002102650032611,1.6766900046150113e-07,0.8891630172729492,2.75,,,,2910.0,-1.17493999004364,-9.459309779913385e-09,4.289180139949167e-07,25.014799118041992,0.25,1780,2523001724424161012,3672887,268.29364773,42.80031494,0.0022968999110162,0.002386919921264,55873.7635283,17.94379997253418,0.0044829999096691,17.920900344848633,0.0016120000509545,18.019399642944336,0.0060709998942911,102760517,128,0,12,751.6890258789062,6143.77001953125,0.0091876201331615,0.0095477001741528,0.9950969815254213,0.9614890217781068,-80.6104965209961,0.7442280054092407,0.6740840077400208,0.9989449977874756,0.9989449977874756,1.3636000156402588,0.1521739959716797,-0.0006573270075023,0.1588310003280639,1.0090899467468262,0.8123289942741394,0.0002412600006209,1.0815000450747905e-06,0.000246404990321,3.972459978740517e-07,0.8891630172729492,2.75,0.0002250240067951,1.3661000366482767e-06,2.5227301120758057,600.0,0.420549988746643,-8.049349631278346e-09,1.4150499509923975e-06,25.03059959411621,0.25,1780,2522999954897635060,3666295,268.29364892,42.80031571,0.0036410600878298,0.0035185599699616,56085.8265796,17.840999603271484,0.0072470000013709,17.822599411010742,0.0014380000066012,17.942899703979492,0.0122520001605153,102760453,128,0,13,751.677001953125,6143.77001953125,0.0145642003044486,0.0140741998329758,0.8877819776535034,0.8549579977989197,4.406139850616455,0.9905629754066468,-0.8422939777374268,0.9983969926834106,0.9983969926834106,1.2048300504684448,0.1172880008816719,0.0011374399764463,0.1116990000009536,0.9941800236701964,0.7636110186576843,0.0002652220136951,1.922149976962828e-06,0.0002697530144359,3.878720065131347e-07,0.8684750199317932,2.25,0.0002414629998384,2.958510094686062e-06,2.485450029373169,710.0,-0.19896100461483,1.5329899127891622e-08,2.7742898964788765e-06,25.07320022583008,0.25,0.0153090039932647,,,,,,,,,,,,,,,,,,WISEA J175310.50+424801.2,IrS,,,,,0.8743000030517543,0.3575000762939453,0.17219924926757812,0.09830093383789062,0.003972262046434905,0.002141810691576829,0.0017982639373666548,0.0021601824421243598,-0.060899734497073865,-0.06809997558594105,,-0.09849929809570312,-0.12030029296875,0.16492103092474375,0
PSO J175311.660+424812.157,,,,159362682985184652,963438000002040,255559144048631,0,14363237055822,15936,1,2208,78,0.205469298367826,963438,59502,3,436527104,52,268.29858505,42.80337707,0.0010000000474974,0.0010000000474974,268.29856419,42.80339144,0.0253199990838766,0.0431500002741813,56388.47957176,1.683500051498413,-0.0217841939955917,-0.7333661741212312,0.6794847338584955,266.90256074423814,66.22438961827497,69.17874972136583,28.29412713973771,,10,38,4,6,22,5,1,1144648000000069,0,1,1665,2523000252324120193,3667403,268.29856384,42.8033329,0.0390662997961044,0.0366161987185478,56068.0502739,21.839599609375,0.0692090019583702,23.52949905395508,0.0238439999520778,22.56279945373535,0.1677830070257187,35651585,0,0,6,698.8909912109375,6186.18994140625,0.1562650054693222,0.146465003490448,1.341439962387085,1.314460039138794,-35.99020004272461,0.2914679944515228,-7.46607026961936e-14,0.9982860088348388,0.9982860088348388,1.5652300119400024,0.1826750040054321,-0.0288242995738983,0.152549996972084,0.9337559938430786,0.3791280090808868,6.6707798396237195e-06,4.6167900791260763e-07,1.406639967171941e-06,3.35399015227722e-08,0.9116089940071106,3.25,3.4266399779880885e-06,5.749340061811381e-07,2.334389925003052,473.0,-7.479400157928467,6.100000060627053e-09,6.463740191975376e-07,25.010499954223633,0.25,1665,2523000463582824065,3668190,268.29859275,42.80337439,0.0269220992922782,0.0252758003771305,55929.6946975,21.318300247192383,0.0562510006129741,24.0935001373291,0.0267299991101026,21.80109977722168,0.1150470003485679,35651585,0,0,4,698.56201171875,6186.759765625,0.1076880022883415,0.1011030003428459,1.1219099760055542,1.0801199674606323,49.732398986816406,0.2811140120029449,-2.754960064521583e-07,0.998960018157959,0.998960018157959,1.7572400569915771,0.1329399943351745,0.0156268998980522,0.1276710033416748,0.7863820195198059,0.6086859703063965,1.0781300261442084e-05,6.064619810786098e-07,8.367239843209973e-07,2.236559915047565e-08,0.8812710046768188,2.7500100135803223,6.911529908393277e-06,7.95148025645176e-07,1.9659500122070312,640.0,-5.139480113983154,4.005130094242304e-08,7.187960022747575e-07,25.02199935913086,0.2500010132789612,1665,2523001675300472449,3672704,268.29857508,42.80338574,0.0154673997312784,0.0149643002077937,56483.0735722,21.193500518798828,0.0253180004656314,21.485700607299805,0.0038040000945329,21.554800033569336,0.0472690016031265,102760453,128,0,30,698.719970703125,6186.93994140625,0.0618698000907897,0.0598571002483367,1.0425100326538086,1.0129300355911257,9.604780197143556,0.6528649926185608,-0.0029041499365121,0.998178005218506,0.998178005218506,1.433899998664856,0.1505640000104904,-0.0062602898105978,0.1355970054864883,0.7947490215301514,0.6785179972648621,1.2094999874534553e-05,3.0622499025412253e-07,9.241140105586965e-06,3.515049940006065e-08,0.8891630172729492,2.75,8.67117978486931e-06,4.098779982086853e-07,1.986870050430298,2910.0,-2.977710008621216,-8.048579580588466e-09,4.292369908398541e-07,25.014799118041992,0.25,1665,2523001724424160897,3672887,268.29857267,42.8033794,0.0261633992195129,0.024609500542283,55873.7635283,21.134899139404297,0.0588570013642311,21.821199417114254,0.0097160004079341,21.44029998779297,0.1065189987421035,35651585,0,0,14,698.7570190429688,6186.85986328125,0.1046539992094039,0.0984380990266799,0.9960600137710572,0.9636030197143556,-80.58760070800781,0.7425259947776794,-0.0326880998909473,0.9984089732170104,0.9984089732170104,1.3264700174331665,0.147365003824234,0.0075778202153742,0.1495420038700103,0.786732017993927,0.5428280234336853,1.276520015380811e-05,7.513169748563087e-07,6.784279776184121e-06,6.591530166133452e-08,0.8944240212440491,2.75,9.635289643483702e-06,1.0263399872201262e-06,1.9668300151824951,600.0,-2.135890007019043,-9.689410163105094e-09,1.425260052201338e-06,25.03059959411621,0.25,1665,2522999954897634945,3666295,268.2986099,42.80336696,0.0368008986115455,0.0351750999689102,56085.8265796,20.93709945678711,0.0986440032720565,20.961700439453125,0.0061030001379549,21.339000701904297,0.1791180074214935,35651585,0,0,15,698.3679809570312,6186.64990234375,0.1472039967775344,0.1406999975442886,0.886847972869873,0.8537589907646179,4.776010036468506,0.9949089884757996,-0.0651084035634994,0.9981060028076172,0.9981060028076172,1.1784499883651731,0.1029549986124038,0.0246897991746664,0.1219850033521652,0.714917004108429,0.7882779836654663,1.531609996163752e-05,1.5108399793462013e-06,1.497409994044574e-05,9.138509682315998e-08,0.8527560234069824,2.25,1.057820009009447e-05,1.894749971143028e-06,1.7872899770736694,710.0,-1.8445099592208865,2.8096700077639983e-08,2.77342996923835e-06,25.07320022583008,0.25,0.0160653430266112,,,,,,,,,,,,,,,,,,WISEA J175311.64+424812.0,IrS,,,,,-0.5640010833740199,2.607799530029297,-0.3354988098144496,0.8594989776611293,0.035819396786388964,0.026999319790418648,0.010434130564938408,0.011473764622426814,0.9666996002197301,2.292400360107422,-0.06909942626953125,0.3808994293212855,-0.3773002624511719,250.15731803859512,0
PSO J175313.343+424800.402,,,,159362683055390885,963438000002167,255559144048758,0,14363238109213,15936,1,2208,78,0.191674751408095,963438,59502,3,444915712,53,268.30560678,42.80009375,0.0010000000474974,0.0010000000474974,268.30559685,42.8001117,0.0331199988722801,0.0511999987065792,56416.1705787,2.4321999549865723,-0.0216953282569509,-0.7334077194902727,0.6794427346906438,266.91559112185615,66.22126211922797,69.17632093630947,28.288399343871895,,8,30,0,3,24,2,1,1144648000000084,0,1,1515,2523000252324120043,3667403,268.30560436,42.80009495,0.7513570189476013,0.7042329907417297,56068.0502739,24.599000930786133,1.331089973449707,,0.0441760011017322,,,186646529,655364,0,2,625.4019775390625,6138.0498046875,3.005429983139038,2.816930055618286,1.3418699502944946,1.3139100074768066,-36.33919906616211,0.2823500037193298,,0.9720140099525452,0.9720140099525452,1.901569962501526,,,,,,5.252910000308475e-07,6.992110002101981e-07,-3.895459883551667e-07,1.7208600766593918e-08,0.4821740090847015,3.25,,,,473.0,,5.890759879889629e-09,6.439989874706953e-07,25.010499954223633,0.25,1515,2523000463582823915,3668190,268.30549998,42.80002021,0.0442310981452465,0.041526298969984,55929.6946975,22.043500900268555,0.0924170017242431,21.634899139404297,0.0086150001734495,21.74810028076172,0.0955109968781471,262160391,655360,0,5,626.5150146484375,6136.97998046875,0.1769240051507949,0.1661050021648407,1.1260299682617188,1.0836700201034546,48.75550079345703,0.2799290120601654,5.822900129714981e-05,0.9984560012817384,0.9984560012817384,1.4332599639892578,0.2716509997844696,-0.0506986007094383,0.2226759940385818,0.8137670159339905,0.6966879963874817,5.528559995582327e-06,5.109320113660942e-07,8.054509635258e-06,6.93919020022804e-08,0.8891630172729492,2.7500100135803223,7.256880053319037e-06,6.931089728823281e-07,2.0344200134277344,640.0,4.0198798179626465,4.6061398251140424e-08,7.23455002571427e-07,25.02199935913086,0.2500010132789612,1515,2523001675300472299,3672704,268.30559631,42.80009669,0.0137965995818376,0.0133028998970985,56483.0735722,21.620800018310547,0.0305930003523826,21.09339904785156,0.0031749999616295,21.202899932861328,0.0386230014264583,262160391,655360,0,36,625.448974609375,6138.06982421875,0.0551864989101886,0.0532117001712322,1.0425100326538086,1.0129300355911257,9.604780197143556,0.6528649926185608,0.0,0.9980660080909728,0.9980660080909728,1.426169991493225,0.2510029971599579,-0.0147604998201131,0.2301560044288635,1.0979199409484863,0.910290002822876,8.159459866874386e-06,2.496200011137262e-07,1.3263300388643984e-05,4.2110798403882654e-08,0.8839020133018494,2.75,1.1990599887212738e-05,4.631160095414089e-07,2.744800090789795,2910.0,13.261300086975098,-6.261689833308992e-09,4.294400071103155e-07,25.014799118041992,0.25,1515,2523001724424160747,3672887,268.30564347,42.80009226,0.0343368984758853,0.0322976000607013,55873.7635283,21.443700790405273,0.0772439986467361,21.13330078125,0.0070779998786747,21.1658992767334,0.098030000925064,262160391,655360,0,14,624.9619750976562,6138.009765625,0.1373479962348938,0.1291909962892532,0.9974049925804138,0.9665499925613404,-80.55280303955078,0.7401509881019592,1.429989993084746e-06,0.997527003288269,0.997527003288269,1.3090699911117554,0.2620590031147003,0.003507750108838,0.1831620037555694,0.928862988948822,0.7170609831809998,9.605580089555588e-06,7.4197100730089e-07,1.2784100363205653e-05,9.048360283259173e-08,0.8891630172729492,2.75,1.2406499990902375e-05,1.2162099665147252e-06,2.322160005569458,600.0,4.820779800415039,-1.1546900324788112e-08,1.439129960090213e-06,25.03059959411621,0.25,1515,2522999954897634795,3666295,268.30563838,42.80009579,0.0514568015933036,0.0491834990680217,56085.8265796,21.399999618530273,0.1379290074110031,21.16699981689453,0.0067079998552799,21.32309913635254,0.1821939945220947,262144007,655360,0,16,625.0150146484375,6138.0400390625,0.205826997756958,0.1967339962720871,0.8856899738311768,0.852262020111084,5.227270126342773,1.0003199577331543,0.0072664599865674,0.9950050115585328,0.9950050115585328,1.1904900074005127,0.2158609926700592,-0.0139891002327203,0.1411440074443817,0.7767130136489868,0.6599050164222717,1.0000199836213142e-05,1.3793300013276166e-06,1.2393599718052428e-05,8.31389996847065e-08,0.8684750199317932,2.25,1.0733800081652587e-05,1.9556300685508177e-06,1.9417799711227417,710.0,2.684380054473877,4.499160155546633e-08,2.7723399398382753e-06,25.07320022583008,0.25,0.011606632091049,,,,,,,,,,,,,,,,,,,,,,,,,0.5415000915527379,-0.03990173339844105,-0.03369903564453125,0.04500819149142497,0.009181440668265643,0.007757493605467322,0.009751684179717585,,-0.11320114135742188,-0.10950088500976918,-0.03259849548339844,-0.1560993194580078,,0
PSO J175313.623+424817.480,,,,159362683068716513,963438000002192,255559144048783,0,14363238112064,15936,1,2208,78,0.795967906523466,963438,59502,3,444915712,53,268.30676281,42.80485572,0.0010000000474974,0.0010000000474974,268.30675178,42.80484581,0.0803700014948844,0.0749400034546852,56622.77832176,2.979599952697754,-0.0216788858006781,-0.7333520391670955,0.6795033572837622,266.91734957087783,66.22601892781788,69.18177979632746,28.288552080992098,,10,19,0,0,16,3,0,1144648000000087,0,1,1482,2523000252324120010,3667403,268.30690725,42.80482933,0.0851147025823593,0.0797766000032424,56068.0502739,22.6560001373291,0.1507879942655563,22.54610061645508,0.0151599999517202,22.508800506591797,0.1826159954071045,195035141,655360,0,6,610.281982421875,6205.97021484375,0.3404589891433716,0.3191060125827789,1.3419599533081057,1.313789963722229,-36.408599853515625,0.2804740071296692,0.148839995265007,0.998049020767212,0.998049020767212,1.3689500093460083,0.302509993314743,0.0502949990332126,0.259115993976593,0.993245005607605,0.8172460198402405,3.144730044368771e-06,4.741870043289964e-07,3.4798499655153137e-06,5.27534993466361e-08,0.904075026512146,3.25,3.601529897423461e-06,6.576980240424746e-07,2.483109951019287,473.0,1.4436399936676023,5.773059807978598e-09,6.439029789362394e-07,25.010499954223633,0.25,1482,2523000463582823882,3668190,268.30677103,42.80489183,0.0691704973578453,0.0649406984448432,55929.6946975,21.94070053100586,0.1445260047912597,21.61739921569824,0.0085460003465414,21.621599197387695,0.1639340072870254,195035141,655360,0,2,611.6920166015625,6206.8798828125,0.2766810059547424,0.2597619891166687,1.1268800497055054,1.0843900442123413,48.55839920043945,0.2796849906444549,0.0166800990700721,0.9982920289039612,0.9982920289039612,1.4946999549865725,0.1921480000019073,0.0441473983228206,0.257082998752594,0.91082501411438,0.6383460164070129,6.077530088077765e-06,8.78359003309015e-07,8.185569640772883e-06,6.995419710165153e-08,0.8865320086479187,2.7500100135803223,8.153539965860546e-06,1.3366500297706807e-06,2.277060031890869,640.0,2.3936800956726074,4.788769913943725e-08,7.244190101118875e-07,25.02199935913086,0.2500010132789612,1482,2523001675300472266,3672704,268.30675605,42.80485475,0.0149708995595574,0.0144352000206708,56483.0735722,21.59280014038086,0.0331970006227493,20.975500106811523,0.0030070000793784,21.015399932861328,0.0369950011372566,262160391,524288,0,31,611.8359985351562,6206.35986328125,0.0598835982382297,0.0577406994998455,1.0425100326538086,1.0129300355911257,9.604780197143556,0.6528649926185608,0.0,0.9983320236206056,0.9983320236206056,1.4562900066375732,0.2444099932909011,-0.0068854899145662,0.2260340005159378,1.1346399784088137,0.8799570202827454,8.372810043510981e-06,2.779480041681382e-07,1.4784500308451244e-05,4.4460300330229074e-08,0.8865320086479187,2.75,1.425099981133826e-05,5.272229941510886e-07,2.8366000652313232,2910.0,13.126299858093262,-5.735009800389434e-09,4.297610018966225e-07,25.014799118041992,0.25,1482,2523001724424160714,3672887,268.30665128,42.80485906,0.035096600651741,0.0330120995640754,55873.7635283,21.407499313354492,0.0789529979228973,21.03499984741211,0.0067639998160302,21.262800216674805,0.1008619964122772,195035141,655360,0,12,612.9509887695312,6206.4501953125,0.1403860002756118,0.1320489943027496,0.9976239800453186,0.9670289754867554,-80.54679870605469,0.7397639751434326,0.0060941698029637,0.9982370138168336,0.9982370138168336,1.3951499462127686,0.2169719934463501,0.0080987401306629,0.1820079982280731,0.8788560032844543,0.767304003238678,9.930859960149974e-06,7.840670264158689e-07,1.3996000234328676e-05,9.46751015362679e-08,0.8839020133018494,2.75,1.1346999599481933e-05,1.1444800520621357e-06,2.1971399784088135,600.0,2.7426700592041016,-1.2347999955863996e-08,1.4418100136026624e-06,25.03059959411621,0.25,1482,2522999954897634762,3666295,268.30671515,42.80479494,0.0394118018448352,0.0376706011593341,56085.8265796,21.040000915527344,0.1056429967284202,20.587400436401367,0.0051369997672736,20.85689926147461,0.1218610033392906,195035141,655360,0,14,612.2960205078125,6205.5,0.1576469987630844,0.1506820023059845,0.8856899738311768,0.852262020111084,5.227270126342773,1.0003199577331543,0.003339760005474,0.9972410202026368,0.9972410202026368,1.198240041732788,0.1475819945335388,0.0016198300290852,0.1578979939222335,0.7563049793243408,0.678924024105072,1.3931099601904862e-05,1.47171999742568e-06,2.1136600480531342e-05,1.0857299770350437e-07,0.8409669995307922,2.25,1.6489999325131066e-05,2.0094898900424596e-06,1.8907599449157717,710.0,2.9346001148223877,4.8709601685459354e-08,2.772050038402085e-06,25.07320022583008,0.25,0.0163003435332081,,,,,,,,,,,,,,,,,,,,,,,,0.928701400756843,0.6418991088867152,-0.05949974060058594,0.4475994110107422,0.017402865294520963,0.009059590023862417,0.007402279580550729,0.008493554033514216,0.0373001098632848,-0.004199981689456678,-0.03989982604980469,-0.2278003692626953,-0.2694988250732422,29.186859287420088,0
PSO J175315.259+424815.824,,,,159362683136715853,963438000002353,255559144048944,0,14363238115353,15936,1,2208,78,0.156399872299656,963438,59502,3,436527104,52,268.31360203,42.80437491,0.0010000000474974,0.0010000000474974,268.31358028,42.80439573,0.0215799994766712,0.0232200007885694,56504.4199537,1.041700005531311,-0.0215916419776094,-0.7333599530653844,0.6794975939888588,266.92980423260155,66.22571481232377,69.18245967143596,28.283557760362367,,6,41,0,1,27,9,4,1144648000000111,0,1,1290,2523000252324119818,3667403,268.31361104,42.80439363,1.0143699645996094,0.950751006603241,56068.0502739,,1.7970399856567385,,0.03175999969244,,,35651585,4,0,4,539.5540161132812,6198.27001953125,4.0574798583984375,3.8030099868774414,1.3423500061035156,1.3132200241088867,-36.72140121459961,0.271697998046875,,0.998933970928192,0.998933970928192,1.6971100568771362,,,,,,-2.837280135281617e-07,5.098709721096384e-07,-7.536769999205717e-07,2.3936500781474024e-08,0.904075026512146,3.25,,,,473.0,,4.503470041328228e-09,6.441320010708296e-07,25.010499954223633,0.25,1290,2523000463582823690,3668190,268.31360994,42.80439482,0.1191100031137466,0.1118260025978088,55929.6946975,23.355100631713867,0.2488700002431869,23.44499969482422,0.0198279991745948,,,35651585,4,0,7,539.5540161132812,6198.27001953125,0.4764379858970642,0.4473040103912353,1.1310299634933472,1.0879100561141968,47.619598388671875,0.2784979939460754,,0.999197006225586,0.999197006225586,1.426990032196045,,,,,,1.6518599750270369e-06,4.110970053261554e-07,1.520559976597724e-06,3.0150300034392785e-08,0.8839020133018494,2.7500100135803223,,,,640.0,,5.131730063112627e-08,7.263869861162675e-07,25.02199935913086,0.2500010132789612,1290,2523001675300472074,3672704,268.31359884,42.80437689,0.0177091993391513,0.0173470005393028,56483.0735722,21.58550071716309,0.0301389992237091,21.766199111938477,0.0043279998935759,21.84289932250977,0.0517380014061927,102760453,128,0,38,539.6510009765625,6198.02001953125,0.0708367973566055,0.0693882033228874,1.0425100326538086,1.0129300355911257,9.604780197143556,0.6528649926185608,-0.0056659798137843,0.9977999925613404,0.9977999925613404,1.3541799783706665,0.143435001373291,-0.0079954303801059,0.1354289948940277,0.7947490215301514,0.683447003364563,8.429379704466555e-06,2.540490129376849e-07,7.137410193536198e-06,3.0891499136487255e-08,0.8917940258979797,2.75,6.650130217167316e-06,3.4406500049044553e-07,1.986870050430298,2910.0,-2.766510009765625,-3.803299897242596e-09,4.302160050428938e-07,25.014799118041992,0.25,1290,2523001724424160522,3672887,268.31360203,42.80436535,0.0225990992039442,0.0212568994611501,55873.7635283,20.96500015258789,0.0508380010724067,21.22800064086914,0.0073930001817643,21.355300903320312,0.0942139998078346,35651585,0,0,14,539.6300048828125,6197.8701171875,0.0903963968157768,0.0850275978446006,0.998960018157959,0.9699540138244628,-80.50789642333984,0.7374039888381958,-0.0005031549953855,0.9985209703445436,0.9985209703445436,1.2589000463485718,0.1218200027942657,-0.0061309398151934,0.1223540008068084,0.786732017993927,0.7881510257720947,1.492730007157661e-05,7.588790253976185e-07,1.1716800145222804e-05,8.66242970687381e-08,0.8865320086479187,2.75,1.0420600119687151e-05,9.81770995167608e-07,1.9668300151824951,600.0,-3.479069948196411,-1.3992200287304968e-08,1.4502500107482774e-06,25.03059959411621,0.25,1290,2522999954897634570,3666295,268.31355489,42.80437249,0.0221592001616954,0.0211801994591951,56085.8265796,20.377700805664062,0.0593970008194446,20.30030059814453,0.00450100004673,20.475000381469727,0.097470998764038,35651585,0,0,13,540.1270141601562,6197.9599609375,0.0886368975043296,0.0847209021449089,0.8856899738311768,0.852262020111084,5.227270126342773,1.0003199577331543,0.7780280113220215,0.995826005935669,0.995826005935669,1.3141900300979614,0.095057301223278,0.0083780400454998,0.1335880011320114,0.836089015007019,0.6356639862060547,2.5639799787313677e-05,1.522940010545426e-06,2.7533700631465763e-05,1.2391899417707464e-07,0.8684750199317932,2.25,2.344150016142521e-05,2.284880110892118e-06,2.0902199745178223,710.0,0.2818900048732757,5.308859840624792e-08,2.7753399081120733e-06,25.07320022583008,0.25,0.0165798411581044,,,,,,,,,,,,,,,,,,,,,,,,,1.6788005828857422,0.5381984710693359,0.9277000427246094,0.03744124906745929,0.02029485487374879,0.008566681665987128,0.008655371344328932,,,-0.07670021057129262,-0.12730026245117188,-0.1746997833251953,,0
PSO J175316.357+424804.956,,,,159362683181682310,963438000002453,255559144049044,0,14363238135394,15936,1,2208,78,0.056695231289319,963438,59502,3,436527104,52,268.31817864,42.80137057,0.0010000000474974,0.0010000000474974,268.31815796,42.80137669,0.0052000000141561,0.0065600001253187,56408.65975694,1.368299961090088,-0.0215341004887154,-0.7333974635746908,0.6794589339602151,266.9383486633861,66.22279443236414,69.17989721676868,28.279645876713616,,8,82,1,5,48,16,12,1144648000000121,0,1,1167,2523000252324119695,3667403,268.31820044,42.80136506,0.092034600675106,0.08626239746809,56068.0502739,22.81130027770996,0.1630470007658004,21.59980010986328,0.0098050003871321,,,35651585,4,0,6,491.906005859375,6153.68017578125,0.3681379854679107,0.3450500071048736,1.3424299955368042,1.313099980354309,-36.783599853515625,0.269892007112503,,0.9986469745635986,0.9986469745635986,2.477440118789673,,,,,,2.725649892454385e-06,4.444100056844036e-07,8.319269909407012e-06,8.15668030895722e-08,0.9059590101242064,3.25,,,,473.0,,1.9771100312482304e-09,6.479339731413347e-07,25.010499954223633,0.25,1167,2523000463582823567,3668190,268.31818807,42.8013765,0.0159111004322767,0.0149381002411246,55929.6946975,21.0935001373291,0.033245000988245,20.68670082092285,0.0055669997818768,,,102776839,128,0,7,492.02301025390625,6153.830078125,0.0636442005634307,0.0597523003816604,1.1318700313568115,1.088610053062439,47.434200286865234,0.2782590091228485,3.669829995445184e-09,0.9980639815330504,0.9980639815330504,4.889100074768066,0.1831649988889694,0.0009873580420389,0.1859100013971328,,0.8217939734458923,1.3261799722386058e-05,4.4088699269195786e-07,1.9288700059405528e-05,1.0738399680576549e-07,0.8944240212440491,2.7500100135803223,,,,640.0,5.898429870605469,4.844959988759001e-08,7.231810172925179e-07,25.02199935913086,0.2500010132789612,1167,2523001675300471951,3672704,268.31818077,42.80136455,0.0028759599663317,0.0027730399742722,56483.0735722,19.78070068359375,0.0063769998960196,19.6387996673584,0.0016250000335276,,,102776839,128,0,36,492.0780029296875,6153.669921875,0.0115037998184561,0.0110921999439597,1.0425100326538086,1.0129300355911257,9.604780197143556,0.6528649926185608,0.0008534719818271,0.9977530241012572,0.9977530241012572,16.61400032043457,0.1641519963741302,-0.0010497800540179,0.1613769978284835,,0.8762360215187073,4.443420039024204e-05,2.833639882737771e-07,5.0636099331313744e-05,8.22807990630281e-08,0.8865320086479187,2.75,,,,2910.0,3.3348400592803955,-2.514149999299775e-09,4.305499885504105e-07,25.014799118041992,0.25,1167,2523001724424160399,3672887,268.31817651,42.80137598,0.0057045398280024,0.005889750085771,55873.7635283,19.154800415039062,0.0102129997685551,19.13739967346191,0.0028230000752955,,,102760517,128,0,16,492.1289978027344,6153.85009765625,0.022818200290203,0.0235590003430843,0.999226987361908,0.970537006855011,-80.49960327148438,0.7369329929351807,-0.9115489721298218,0.9983360171318054,0.9983360171318054,1.726330041885376,0.1496070027351379,0.000272387987934,0.1524769961833953,,0.8059419989585876,7.908239786047488e-05,8.076610242824245e-07,8.036269719013944e-05,2.268619994083565e-07,0.8970549702644348,2.75,,,,600.0,-0.1110839992761612,-1.4000299586314212e-08,1.446129999749246e-06,25.03059959411621,0.25,1167,2522999954897634447,3666295,268.31816461,42.80136959,0.0085219899192452,0.008201640099287,56085.8265796,18.87619972229004,0.0163829997181892,18.764400482177734,0.0022189998999238,19.0093994140625,0.0258900001645088,102760453,128,0,12,492.2569885253906,6153.740234375,0.0340880006551742,0.0328066013753414,0.8856899738311768,0.852262020111084,5.227270126342773,1.0003199577331543,0.3441340029239654,0.997635006904602,0.997635006904602,1.436079978942871,0.1180429980158805,-0.0040066698566079,0.1160880029201507,0.8282060027122498,0.766086995601654,0.0001022200012812,1.6747100062275422e-06,0.0001133050027419,2.5137899228866445e-07,0.8645449876785278,2.25,9.041710291057824e-05,2.34090998674219e-06,2.070509910583496,710.0,0.9460279941558838,3.3468399607272665e-08,2.785280003081425e-06,25.07320022583008,0.25,0.0152347612985005,,,,,,,,,,,,,,,,,,,,,,,,0.9130992889404297,1.0479011535644531,0.5013999938964879,0.37299919128417613,0.011275172688836165,0.005799319932576668,0.0032572925158915493,0.0035907227658203067,,,,,-0.24499893188476562,14.443504863049855,0
PSO J175317.151+424759.128,,,,159362683214140278,963438000002522,255559144049113,0,14363238097469,15936,1,2208,78,0.673349053294723,963438,59502,3,235200512,28,268.32146662,42.79975794,0.0010000000474974,0.0010000000474974,268.32145667,42.79976084,0.0031099999323487,0.0034300000406801,56098.96912037,1.6013000011444092,-0.021492437587964,-0.7334178556701804,0.6794382415721696,266.94446500140384,66.22124927123505,69.17867267570668,28.27694290275162,,20,102,7,10,55,16,14,1144618000000005,0,1,14569,2523000252055697641,3667402,268.32146588,42.79975101,0.0003531500115059,0.0003383209987077,56127.1935893,14.320300102233888,0.0005779999773949,14.284700393676758,0.0003119999892078,14.330499649047852,0.0004900000058114,262144069,524416,0,6,6297.85009765625,6129.72998046875,0.0014126000460237,0.0013532800367102,1.3010200262069702,1.276550054550171,17.45789909362793,0.2286880016326904,0.2899630069732666,0.999094009399414,0.999094009399414,6.956369876861572,0.2228749990463256,0.0072967601008713,0.2180480062961578,1.2810300588607788,0.9241139888763428,0.0067903702147305,3.924259999621427e-06,0.0070164301432669,2.1861899313080357e-06,0.8952469825744629,3.0,0.0067265699617564,3.2992600154102547e-06,3.202579975128174,559.0,1.0582000017166138,-2.2841600610945537e-08,6.676399948446488e-07,25.016000747680664,0.25,14569,2523000463314401513,3668189,268.32146484,42.79975233,0.0001874190056696,0.0001786689972504,56057.3100078,13.833100318908691,0.0003940000024158,13.796299934387209,0.0002329999988432,13.855299949645996,0.0003319999959785,263208967,524416,0,7,6297.830078125,6129.759765625,0.000749678001739,0.0007146769785322,1.16048002243042,1.110159993171692,47.07400131225586,0.2472539991140365,0.0016707299510017,0.9986220002174376,0.9986220002174376,39.49029922485352,0.4789890050888061,0.0198649000376462,0.4881759881973266,1.181439995765686,0.9456689953804016,0.0106354001909494,4.1872099245665595e-06,0.0110020004212856,2.5640799776738277e-06,0.8917940258979797,2.75,0.0104203000664711,3.462530003162101e-06,2.9535999298095703,640.0,3.1432700157165527,1.5565499111858117e-08,6.128399832050491e-07,25.02589988708496,0.25,14569,2523001675032049897,3672703,268.32146758,42.79975637,7.217629899969324e-05,7.031390123302117e-05,56597.7247348,13.751099586486816,0.000159999995958,13.648599624633787,8.900000102585182e-05,13.716899871826172,0.0001329999940935,263208967,524416,0,36,6297.7900390625,6129.81005859375,0.0002887049922719,0.0002812549937516,1.0626499652862549,1.0318399667739868,4.140659809112549,0.5957440137863159,6.659980135736987e-05,0.997527003288269,0.8663190007209778,326.07501220703125,0.4964469969272613,0.0039878701791167,0.4886659979820251,1.2007499933242798,0.9612659811973572,0.0114703001454472,1.839999981712026e-06,0.0126055004075169,1.1169499884999825e-06,0.8849009871482849,2.5,0.0118370000272989,1.5780100284246146e-06,3.0018699169158936,3990.0,3.9881200790405273,-2.1242600567461526e-08,4.193699965071574e-07,25.022899627685547,0.25,14569,2523001724155738345,3672886,268.32146398,42.79975955,0.0001819290046114,0.0001805899955797,55963.4569348,13.643400192260742,0.0003469999937806,13.60540008544922,0.000201000002562,13.673700332641602,0.0003030000079888,263192581,524416,0,15,6297.81005859375,6129.85986328125,0.0007277129916474,0.0007223570137284,1.0210800170898438,1.011199951171875,-65.22669982910156,0.60869300365448,0.018530199304223,0.998654007911682,0.998654007911682,11.764800071716309,0.4570299983024597,-0.0007819759775884,0.4684399962425232,1.1683000326156616,0.9343029856681824,0.01266620028764,4.396129952510819e-06,0.0131177995353937,2.637289981066715e-06,0.8944240212440491,2.7500100135803223,0.0123178996145725,3.731749984581256e-06,2.920759916305542,720.0,2.354850053787231,-5.302660088801758e-09,1.3654699841936235e-06,25.034099578857425,0.2500010132789612,14569,2522999954629212393,3666294,268.32146836,42.79975828,0.0002457619993947,0.0002420530072413,56101.6293334,13.607099533081056,0.0005259999888949,13.567899703979492,0.0001829999964684,13.650500297546388,0.0004900000058114,103809157,4224,0,13,6297.77001953125,6129.85009765625,0.0009830499766394,0.0009682120289653,0.852840006351471,0.8326709866523743,5.989439964294434,1.0549700260162354,0.0070797400549054,0.9974539875984192,0.9974539875984192,5.187699794769287,2.5799500942230225,3.565459966659546,5.180409908294678,1.25,0.9592080116271972,0.0130970003083348,6.885230050102109e-06,0.0135778998956084,2.480380089764367e-06,0.8645449876785278,2.25,0.0125834001228213,6.165239938127343e-06,3.125,880.0,2.6930699348449707,4.53337989370084e-08,2.936290002253372e-06,25.066499710083008,0.25,0.0154639729849909,,,,,,,,,,,,,,,,,,WISEA J175317.15+424759.1,UvS,,,,,0.488400459289549,0.14770030975342152,0.04319953918456676,0.03750038146972834,0.00038940081243700366,0.0002494193249199685,0.00021982265855121857,0.00027182715047867904,-0.04579925537109375,-0.059000015258787286,-0.06830024719238459,-0.06830024719238104,-0.08260059356689631,5.212822423377213,0
