objName,objAltName1,objAltName2,objAltName3,objID,uniquePspsOBid,ippObjID,surveyID,htmID,zoneID,tessID,projectionID,skyCellID,randomID,batchID,dvoRegionID,processingVersion,objInfoFlag,qualityFlag,raStack,decStack,raStackErr,decStackErr,raMean,decMean,raMeanErr,decMeanErr,epochMean,posMeanChisq,cx,cy,cz,lambda,beta,l,b,nStackObjectRows,nStackDetections,nDetections,ng,nr,ni,nz,ny,uniquePspsSTid,primaryDetection,bestDetection,gippDetectID,gstackDetectID,gstackImageID,gra,gdec,graErr,gdecErr,gEpoch,gPSFMag,gPSFMagErr,gApMag,gApMagErr,gKronMag,gKronMagErr,ginfoFlag,ginfoFlag2,ginfoFlag3,gnFrames,gxPos,gyPos,gxPosErr,gyPosErr,gpsfMajorFWHM,gpsfMinorFWHM,gpsfTheta,gpsfCore,gpsfLikelihood,gpsfQf,gpsfQfPerfect,gpsfChiSq,gmomentXX,gmomentXY,gmomentYY,gmomentR1,gmomentRH,gPSFFlux,gPSFFluxErr,gApFlux,gApFluxErr,gApFillFac,gApRadius,gKronFlux,gKronFluxErr,gKronRad,gexpTime,gExtNSigma,gsky,gskyErr,gzp,gPlateScale,rippDetectID,rstackDetectID,rstackImageID,rra,rdec,rraErr,rdecErr,rEpoch,rPSFMag,rPSFMagErr,rApMag,rApMagErr,rKronMag,rKronMagErr,rinfoFlag,rinfoFlag2,rinfoFlag3,rnFrames,rxPos,ryPos,rxPosErr,ryPosErr,rpsfMajorFWHM,rpsfMinorFWHM,rpsfTheta,rpsfCore,rpsfLikelihood,rpsfQf,rpsfQfPerfect,rpsfChiSq,rmomentXX,rmomentXY,rmomentYY,rmomentR1,rmomentRH,rPSFFlux,rPSFFluxErr,rApFlux,rApFluxErr,rApFillFac,rApRadius,rKronFlux,rKronFluxErr,rKronRad,rexpTime,rExtNSigma,rsky,rskyErr,rzp,rPlateScale,iippDetectID,istackDetectID,istackImageID,ira,idec,iraErr,idecErr,iEpoch,iPSFMag,iPSFMagErr,iApMag,iApMagErr,iKronMag,iKronMagErr,iinfoFlag,iinfoFlag2,iinfoFlag3,inFrames,ixPos,iyPos,ixPosErr,iyPosErr,ipsfMajorFWHM,ipsfMinorFWHM,ipsfTheta,ipsfCore,ipsfLikelihood,ipsfQf,ipsfQfPerfect,ipsfChiSq,imomentXX,imomentXY,imomentYY,imomentR1,imomentRH,iPSFFlux,iPSFFluxErr,iApFlux,iApFluxErr,iApFillFac,iApRadius,iKronFlux,iKronFluxErr,iKronRad,iexpTime,iExtNSigma,isky,iskyErr,izp,iPlateScale,zippDetectID,zstackDetectID,zstackImageID,zra,zdec,zraErr,zdecErr,zEpoch,zPSFMag,zPSFMagErr,zApMag,zApMagErr,zKronMag,zKronMagErr,zinfoFlag,zinfoFlag2,zinfoFlag3,znFrames,zxPos,zyPos,zxPosErr,zyPosErr,zpsfMajorFWHM,zpsfMinorFWHM,zpsfTheta,zpsfCore,zpsfLikelihood,zpsfQf,zpsfQfPerfect,zpsfChiSq,zmomentXX,zmomentXY,zmomentYY,zmomentR1,zmomentRH,zPSFFlux,zPSFFluxErr,zApFlux,zApFluxErr,zApFillFac,zApRadius,zKronFlux,zKronFluxErr,zKronRad,zexpTime,zExtNSigma,zsky,zskyErr,zzp,zPlateScale,yippDetectID,ystackDetectID,ystackImageID,yra,ydec,yraErr,ydecErr,yEpoch,yPSFMag,yPSFMagErr,yApMag,yApMagErr,yKronMag,yKronMagErr,yinfoFlag,yinfoFlag2,yinfoFlag3,ynFrames,yxPos,yyPos,yxPosErr,yyPosErr,ypsfMajorFWHM,ypsfMinorFWHM,ypsfTheta,ypsfCore,ypsfLikelihood,ypsfQf,ypsfQfPerfect,ypsfChiSq,ymomentXX,ymomentXY,ymomentYY,ymomentR1,ymomentRH,yPSFFlux,yPSFFluxErr,yApFlux,yApFluxErr,yApFillFac,yApRadius,yKronFlux,yKronFluxErr,yKronRad,yexpTime,yExtNSigma,ysky,yskyErr,yzp,yPlateScale,distance,SkyMapper_StarClass,gelong,g_a,g_b,g_pa,relong,r_a,r_b,r_pa,ielong,i_a,i_b,i_pa,zelong,z_a,z_b,z_pa,NED_name,NED_type,NED_vel,NED_redshift,NED_mag,NED_redshift_flag,g-r,r-i,i-z,z-y,g-rErr,r-iErr,i-zErr,z-yErr,gApMag_gKronMag,rApMag_rKronMag,iApMag_iKronMag,zApMag_zKronMag,yApMag_yKronMag,7DCD,hasSimbad
PSO J224723.630-254002.994,,,,77193418484429305,1052365000132415,520180669220161,0,12826261976669,7719,1,792,56,0.814245245246445,1052365,121114,3,436527104,52,341.84846153,-25.66749855,0.0010000000474974,0.0010000000474974,341.84845555,-25.66750241,0.004240000154823,0.0048899999819695,56037.49267361,1.1175999641418457,0.8564692838394129,-0.2807903736736107,-0.4331479330342433,333.3450105223594,-16.601500382339452,28.83619076747942,-62.25396908343837,,5,72,12,15,19,14,12,1180957000007413,1,1,3685,2523111395071888997,4081442,341.84846431,-25.66749355,0.006578919943422,0.0071746800094842,56031.8167673,19.7096004486084,0.0112389996647834,19.690500259399418,0.0030590000096708,19.74620056152344,0.0169830005615949,262144069,524416,196608,8,2131.75,5011.5,0.0263157002627849,0.0286988001316785,1.19228994846344,1.0942800045013428,-75.64910125732422,0.5610880255699158,0.9568139910697936,0.9996259808540344,0.9996259808540344,1.236989974975586,0.1796479970216751,-0.0055487100034952,0.1986549943685531,1.1650099754333496,0.8336340188980103,4.7443798393942416e-05,5.332029786586645e-07,4.82834002468735e-05,1.4772000156426657e-07,0.8952469825744629,2.9999899864196777,4.5867200242355466e-05,7.789740266161971e-07,2.912519931793213,903.0,0.0541522018611431,2.4223800743072843e-09,5.111650125400047e-07,24.93819999694824,0.2499990016222,3685,2523111889261563493,4083283,341.84846415,-25.66749846,0.0039305700920522,0.0039647901430726,56059.4362497,19.339500427246097,0.0071680000983178,19.31599998474121,0.0025989999994635,19.391599655151367,0.0107410000637173,262144069,524416,196608,13,2131.739990234375,5011.47021484375,0.0157223008573055,0.0158591996878385,1.1314899921417236,1.096709966659546,-56.54560089111328,0.1461710035800933,0.6300920248031616,0.9976900219917296,0.9976900219917296,1.256410002708435,0.1527460068464279,-0.0025916199665516,0.1539420038461685,1.011240005493164,0.8088870048522949,6.6711800172925e-05,4.78163997286174e-07,6.817410030635074e-05,1.7721400524806088e-07,0.8658030033111572,2.5,6.358500104397535e-05,6.829559993093426e-07,2.528090000152588,880.0,0.4815979897975921,1.898400014965773e-08,6.068769948797126e-07,24.973100662231445,0.25,3685,2523112187224919653,4084393,341.84845437,-25.66749942,0.0041708000935614,0.004178250208497,56340.9086806,19.20299911499023,0.0072800000198185,19.196800231933594,0.0018169999821111,19.287700653076172,0.0114959999918937,262144069,524416,196608,20,2131.860107421875,5011.4599609375,0.0166832003742456,0.0167130008339881,1.1008800268173218,1.0890599489212036,88.70649719238281,0.3722630143165588,0.7314969897270203,0.998661994934082,0.998661994934082,1.1227799654006958,0.1601399928331375,0.0013256300007924,0.1596869975328445,1.0013500452041626,0.8155040144920349,7.564719999209046e-05,5.507250193659274e-07,7.607870065839961e-05,1.3823100175613945e-07,0.8812710046768188,2.75,6.9969697506167e-05,8.043789989642391e-07,2.503380060195923,1575.0,0.3431349992752075,6.8193801716631705e-09,7.391910230580834e-07,24.99049949645996,0.25,3685,2523112615379471973,4085988,341.8484593,-25.66749855,0.0068653598427772,0.0067198099568486,55892.6201674,19.1742000579834,0.0133619997650384,19.120899200439453,0.0026130001060664,19.239999771118164,0.0208279993385076,262144069,524416,196608,11,2131.81005859375,5011.47021484375,0.0274614002555608,0.0268792007118463,0.9778940081596376,0.9329670071601868,-28.06559944152832,0.3587360084056854,0.1966560035943985,0.9981650114059448,0.9981650114059448,1.4212900400161743,0.124729998409748,0.0023434299509972,0.1256199926137924,0.8639060258865356,0.7164509892463684,7.768130308249965e-05,1.0379700370322098e-06,8.158849959727377e-05,2.131649949888015e-07,0.8606160283088684,2.25,7.311569788726047e-05,1.5228699794533895e-06,2.1597700119018555,720.0,1.2911399602890017,6.657180051661271e-08,1.6453100215585437e-06,25.01070022583008,0.25,3685,2523121818420645477,4120272,341.84846153,-25.66749992,0.019702099263668,0.0185350999236106,56067.2726093,19.00900077819824,0.0314880013465881,19.131799697875977,0.0023660000879317,19.339099884033203,0.0529050007462501,262144069,524416,196608,13,2131.77001953125,5011.47021484375,0.0788087025284767,0.0741403996944427,1.111299991607666,1.0357799530029297,13.70680046081543,0.7069669961929321,-0.001734249992296,0.998619019985199,0.998619019985199,1.4825400114059448,0.1732739955186844,0.0011278400197625,0.1406569927930832,0.8445299863815308,0.7481290102005005,9.04498010640964e-05,2.848109943442978e-06,8.07743999757804e-05,1.91108000535678e-07,0.8812710046768188,2.75,6.673850293736905e-05,3.530800086082309e-06,2.111330032348633,890.0,-3.1323299407958984,2.085180028643663e-07,4.222889856464462e-06,25.02589988708496,0.25,0.0133319660821509,,,,,,,,,,,,,,,,,,MRSS 534-045424,G,,,,,0.3745002746582067,0.11919975280761719,0.07590103149414062,-0.010900497436523438,0.004014010719514489,0.0031711653902316435,0.0031826496020289064,0.0035250143220128664,-0.05570030212402344,-0.07559967041015625,-0.09090042114257812,-0.11910057067871094,-0.20730018615722656,0.5244896412891914,0
PSO J224723.657-254027.299,,,,77193418486071238,1052365000132445,520180669220191,0,12826261954092,7719,1,792,56,0.684534757104269,1052365,121114,3,444915712,53,341.84857422,-25.67424098,0.0010000000474974,0.0010000000474974,341.84857387,-25.67424998,0.0131700001657009,0.0152099998667836,55945.5121412,1.38510000705719,0.8564213855524312,-0.2807727117286716,-0.4332540763997288,333.34233552412735,-16.607742961916806,28.821954975977203,-62.255241453934445,,4,52,2,12,17,16,5,1180957000007415,1,1,3681,2523111395071888993,4081442,341.84858435,-25.67424098,0.0674336999654769,0.0624572001397609,56031.8167673,22.71220016479492,0.13400200009346,22.136199951171875,0.0094360001385211,,,186646529,655364,196608,9,2129.760009765625,4914.330078125,0.2697359919548034,0.2498289942741394,1.1930899620056152,1.0943100452423096,-75.22049713134766,0.5672659873962402,,0.9778329730033876,0.9778329730033876,1.2830599546432495,,,,,,2.986329945997568e-06,4.001720128599118e-07,5.0761700549628586e-06,4.789709961983135e-08,0.565883994102478,2.9999899864196777,,,,903.0,,-6.009390207672992e-10,5.137709990776784e-07,24.93819999694824,0.2499990016222,3681,2523111889261563489,4083283,341.84857422,-25.67426604,0.0124931000173091,0.0118623003363609,56059.4362497,21.01259994506836,0.0262609999626874,20.56170082092285,0.0046129999682307,20.34289932250977,0.0328780002892017,262160391,655488,196608,12,2129.8701171875,4914.02001953125,0.0499724000692367,0.0474492982029914,1.1367599964141846,1.1002700328826904,-58.05939865112305,0.1395280063152313,1.3046399665814798e-27,0.9962000250816344,0.9962000250816344,1.6600500345230105,0.2084880024194717,-0.0067835701629519,0.2084890007972717,1.4213600158691406,0.9021999835968018,1.4287799785961395e-05,3.752149950742023e-07,2.1643600121024065e-05,9.985109983290387e-08,0.8753520250320435,2.5,2.647559995239135e-05,8.704749916432775e-07,3.553410053253174,880.0,10.888699531555176,1.6388899126695833e-08,6.030580266269681e-07,24.973100662231445,0.25,3681,2523112187224919649,4084393,341.84858625,-25.67423767,0.0078184902667999,0.0074201300740242,56340.9086806,20.255399703979492,0.0163630004972219,19.807600021362305,0.0024069999344646,19.75510025024414,0.0215939991176128,262160391,524416,196608,24,2129.7099609375,4914.43017578125,0.0312739983201026,0.0296806003898382,1.1059800386428833,1.0930099487304688,-88.77210235595703,0.3539049923419952,1.0382599903814495e-23,0.9993910193443298,0.9993910193443298,1.6029499769210815,0.2043250054121017,-0.0033757800702005,0.2136739939451217,1.3342900276184082,0.932803988456726,2.8696200388367288e-05,4.695689881373255e-07,4.3347499740775675e-05,1.0434099806388987e-07,0.8891630172729492,2.75,4.549289951683022e-05,9.823850177781424e-07,3.3357200622558594,1575.0,10.0378999710083,7.535840396144522e-09,7.340900083363522e-07,24.99049949645996,0.25,3681,2523112615379471969,4085988,341.84856336,-25.67423764,0.0101496996358037,0.0092999301850795,55892.6201674,20.019500732421875,0.0243500005453825,19.584299087524418,0.0032339999452233,19.46220016479492,0.031174000352621,262160391,655488,196608,13,2130.02001953125,4914.419921875,0.0405987985432148,0.0371996983885765,0.9778800010681152,0.9329630136489868,-28.06719970703125,0.3587329983711242,1.5196400003651822e-27,0.996986985206604,0.996986985206604,1.6548899412155151,0.1626140028238296,0.0024738400243222,0.1632719933986663,1.200819969177246,0.8540480136871338,3.5660101275425404e-05,8.683359737915453e-07,5.32472986378707e-05,1.7220699533027073e-07,0.8645449876785278,2.25,5.958109977655113e-05,1.8573899751572751e-06,3.0020599365234375,720.0,10.874799728393556,5.9229101623259346e-08,1.6212800346693257e-06,25.01070022583008,0.25,3681,2523121818420645473,4120272,341.84856921,-25.67426855,0.0272656995803117,0.0255904998630285,56067.2726093,19.703699111938477,0.0584510006010532,19.343599319458008,0.0026080000679939,19.455299377441406,0.0707580000162124,262160391,655360,196608,14,2129.929931640625,4914.0,0.1090629994869232,0.1023619994521141,1.1111600399017334,1.035539984703064,13.890199661254885,0.7157310247421265,7.468059948223528e-08,0.9973959922790528,0.9973959922790528,1.4500800371170044,0.2442249953746795,0.0131545001640915,0.2185910046100616,1.0318599939346311,0.7412689924240112,4.76989007438533e-05,2.7880400921276305e-06,6.645760004175827e-05,1.7334599533569417e-07,0.8865320086479187,2.75,5.996320032863878e-05,4.2429001041455194e-06,2.5796499252319336,890.0,5.37952995300293,2.1028399999067918e-07,4.2355100049462635e-06,25.02589988708496,0.25,0.016026410482668,,,,,,,,,,,,,,,,,,WISEA J224723.77-254027.3,IrS,,,,,1.5744991302490234,0.7541007995605469,0.22330093383788707,0.2406997680664098,0.01050323127999506,0.0052032122185635505,0.004031427083579324,0.004154566162713081,,0.21880149841308238,0.05249977111816406,0.12209892272949929,-0.11170005798339844,18.8433778209843,0
PSO J224723.982-254027.939,,,,77193418499210976,1052365000132751,520180669220497,0,12826261967604,7719,1,792,56,0.970249688225099,1052365,121114,3,444915712,53,341.84992829,-25.67442775,0.0010000000474974,0.0010000000474974,341.84992283,-25.6744475,0.0110499998554587,0.0167599990963935,55974.37840278,1.3925000429153442,0.8564265764909961,-0.2807520829774234,-0.4332571834185211,333.34342006503186,-16.608404017824686,28.821988588381956,-62.256473073600155,,5,52,0,14,18,14,6,1180957000007427,1,1,3656,2523111395071888968,4081442,341.84988121,-25.67442775,0.0544307008385658,0.0504137985408306,56031.8167673,22.565200805664062,0.1081620007753372,21.79290008544922,0.0080559998750686,21.854400634765625,0.109993003308773,262160391,655360,196608,11,2112.909912109375,4911.72021484375,0.2177229970693588,0.2016550004482269,1.1931699514389038,1.0941100120544434,-75.01599884033203,0.5689200162887573,2.103349938664678e-09,0.99896502494812,0.99896502494812,1.2727400064468384,0.2842099964618683,0.075542002916336,0.2741529941558838,1.2882299423217771,0.8135499954223633,3.4190200040029595e-06,3.6980898698857345e-07,6.963829946471378e-06,5.610030129332699e-08,0.8930360078811646,2.9999899864196777,6.580430181202246e-06,7.237990189423726e-07,3.220590114593506,903.0,5.989620208740234,1.9848900301155936e-10,5.140499865774473e-07,24.93819999694824,0.2499990016222,3656,2523111889261563464,4083283,341.84992829,-25.6744544,0.0126507999375462,0.0120120998471975,56059.4362497,21.12459945678711,0.0265929996967315,20.667699813842773,0.0048440000973641,20.856599807739254,0.0369179993867874,262160391,524416,196608,14,2112.280029296875,4911.39013671875,0.0506034009158611,0.0480483993887901,1.1363400220870972,1.1005799770355225,-58.34960174560547,0.1448729932308197,3.101489972309522e-25,0.9970549941062928,0.9970549941062928,1.6080299615859983,0.2051309943199157,-0.00048482400598,0.2130690068006515,1.0505499839782717,0.8699700236320496,1.288719977310393e-05,3.427070112138608e-07,1.962970054592006e-05,9.509240328497981e-08,0.8689860105514526,2.5,1.649570003792178e-05,6.089940143283457e-07,2.6263599395751953,880.0,10.378600120544434,1.6032700500545616e-08,6.028050165696186e-07,24.973100662231445,0.25,3656,2523112187224919624,4084393,341.84992333,-25.67443895,0.0084902895614504,0.0080576995387673,56340.9086806,20.40679931640625,0.0177689995616674,20.036800384521484,0.0026750001125037,,,253771783,4718720,196608,23,2112.35009765625,4911.60986328125,0.0339611992239952,0.0322307981550693,1.1060400009155271,1.0930800437927246,-89.0469970703125,0.3546630144119262,1.6296999787465523e-25,0.982778012752533,0.982778012752533,1.584969997406006,0.2048439979553222,-0.0038622398860752,0.2210659980773925,,0.9117310047149658,2.496120032446925e-05,4.435480036590889e-07,3.509809903334826e-05,9.388909916197009e-08,0.6629260182380676,2.75,,,,1575.0,10.439900398254396,8.290419906131774e-09,7.347169912463869e-07,24.99049949645996,0.25,3656,2523112615379471944,4085988,341.84993664,-25.67442107,0.011307599954307,0.0103609003126621,55892.6201674,20.183300018310547,0.0271279998123645,19.804100036621097,0.0035790000110864,19.997400283813477,0.0402260012924671,262160391,524416,196608,14,2112.179931640625,4911.85986328125,0.0452303998172283,0.0414435006678104,0.9777389764785768,0.93292498588562,-28.08180046081543,0.3587029874324798,1.6711899561745053e-19,0.9973869919776917,0.9973869919776917,1.619740009307861,0.1509779989719391,-0.0084871500730514,0.1721120029687881,0.9465870261192322,0.80901700258255,3.066760109504685e-05,8.319590278915712e-07,4.348899892647751e-05,1.5562899591259338e-07,0.8724049925804138,2.25,3.639650094555691e-05,1.4640900189988315e-06,2.3664700984954834,720.0,9.032939910888672,5.914320055921962e-08,1.6220200222960557e-06,25.01070022583008,0.25,3656,2523121818420645448,4120272,341.8499336,-25.67441646,0.0284230001270771,0.0266766995191574,56067.2726093,19.84239959716797,0.0609319992363452,19.57150077819824,0.0028969999402761,19.394399642944336,0.0740669965744018,262160391,655360,196608,15,2112.219970703125,4911.9501953125,0.1136920005083084,0.1067069992423057,1.1109100580215454,1.0357400178909302,13.714400291442873,0.7168059945106506,4.9617501947374346e-12,0.9978489875793456,0.9978489875793456,1.3967499732971191,0.2189570069313049,0.0021088600624352,0.2294529974460601,1.217650055885315,0.8354359865188599,4.1979299567174166e-05,2.5578799522918416e-06,5.387700002756901e-05,1.560780020781749e-07,0.8917940258979797,2.75,6.34219977655448e-05,4.697480108006857e-06,3.044140100479126,890.0,6.906670093536377,2.069599958076651e-07,4.232580067764502e-06,25.02589988708496,0.25,0.0151864758586598,,,,,,,,,,,,,,,,,,,,,,,,1.1252002716064453,0.6308994293212891,0.23270034790038707,0.23259925842285867,0.009400184622142734,0.005533530748550894,0.004468206203976184,0.004604546637109476,-0.06150054931640625,-0.18889999389648082,,-0.19330024719237926,0.1771011352539027,3.026845848256767,0
PSO J224725.697-254020.589,,,,77193418570643457,1052365000134253,520180669221999,0,12826261929914,7719,1,792,56,0.0973239001793078,1052365,121114,3,444915712,53,341.857073,-25.67238588,0.0010000000474974,0.0010000000474974,341.85706514,-25.67238657,0.0152099998667836,0.0194899998605251,55977.18158565,1.1901999711990356,0.8564763764048512,-0.2806501739596617,-0.4332247644316137,333.35044118921,-16.60904934876011,28.82874077828743,-62.26245697403295,,5,47,0,14,18,12,3,1180957000007497,1,1,3527,2523111395071888839,4081442,341.8571474,-25.67239988,0.0663011968135833,0.0614081993699073,56031.8167673,22.79210090637207,0.131751000881195,22.862699508666992,0.0131850000470876,23.012800216674805,0.2062200009822845,195035141,655360,196608,11,2018.72998046875,4941.33984375,0.2652049958705902,0.2456330060958862,1.1934700012207031,1.0930800437927246,-74.09880065917969,0.5748100280761719,-0.5151540040969849,0.9996320009231568,0.9996320009231568,1.2261300086975098,0.1520459949970245,-0.0049394601956009,0.1918710023164749,0.8398360013961792,0.6944419741630554,2.774359927570913e-06,3.655250111478381e-07,2.599709887363133e-06,3.427700079328133e-08,0.8996679782867432,2.9999899864196777,2.2640099359705346e-06,4.668860071888048e-07,2.0995900630950928,903.0,-0.6508340239524841,4.548859955377793e-09,5.156380211701617e-07,24.93819999694824,0.2499990016222,3527,2523111889261563335,4083283,341.8570856,-25.67238682,0.0164646003395319,0.0156332999467849,56059.4362497,21.434900283813477,0.0346099995076656,21.10759925842285,0.0059320000000298,21.14299964904785,0.0458599999547004,262160391,524416,196608,16,2019.52001953125,4941.56982421875,0.0658586025238037,0.062533400952816,1.1316900253295898,1.1005100011825562,-59.21699905395508,0.1753080040216446,1.082860023871035e-09,0.9985979795455932,0.9985979795455932,1.3845200538635254,0.1942449957132339,0.0087431501597166,0.1887480020523071,1.0578800439834597,0.8314329981803894,9.683790267445149e-06,3.351520092564897e-07,1.309080016653752e-05,7.765540033233266e-08,0.872169017791748,2.5,1.2670900105149483e-05,5.81092024276586e-07,2.644700050354004,880.0,6.0966901779174805,1.5163500677317643e-08,6.02099987645488e-07,24.973100662231445,0.25,3527,2523112187224919495,4084393,341.857073,-25.67238268,0.0103259999305009,0.0097999200224876,56340.9086806,20.64109992980957,0.021611999720335,20.322099685668945,0.0030509999487549,20.375099182128903,0.0291799996048212,262160391,524416,196608,24,2019.6800537109375,4941.6298828125,0.04130420088768,0.039199698716402,1.1039799451828003,1.091599941253662,88.13600158691406,0.3678719997406006,2.447279934258972e-09,0.9993039965629578,0.9993039965629578,1.2222100496292114,0.2073750048875808,-0.0037716599181294,0.1902740001678466,1.075219988822937,0.8786280155181885,2.0117500753258355e-05,4.347720050645876e-07,2.698679963941686e-05,8.232819936893065e-08,0.8865320086479187,2.75,2.5701499907881953e-05,7.49978994463163e-07,2.6880500316619873,1575.0,5.964940071105957,1.2599599585882972e-08,7.387200184894027e-07,24.99049949645996,0.25,3527,2523112615379471815,4085988,341.857051,-25.67236858,0.0133720003068447,0.0122523996978998,55892.6201674,20.336700439453125,0.0320810005068779,19.97570037841797,0.003872999921441,19.994300842285156,0.0422349981963634,262160391,524416,196608,13,2019.969970703125,4941.830078125,0.0534878000617027,0.0490094982087612,0.9770089983940125,0.9327269792556764,-28.158300399780273,0.3585439920425415,1.164309940777583e-13,0.9972050189971924,0.9972050189971924,1.4375,0.1584929972887039,0.0003551169938873,0.1456210017204284,0.9952189922332764,0.7971400022506714,2.6625699319993142e-05,8.541770171177632e-07,3.712880061357282e-05,1.437989993746669e-07,0.8606160283088684,2.25,3.649860082077794e-05,1.5415199641211077e-06,2.4880499839782715,720.0,7.420780181884766,5.7001699360625935e-08,1.6216999938478691e-06,25.01070022583008,0.25,3527,2523121818420645319,4120272,341.85701269,-25.67238588,0.0323527008295059,0.0303649995476007,56067.2726093,20.024799346923828,0.0693560019135475,20.029199600219727,0.0035769999958574,20.119199752807617,0.0951189994812011,195035141,655360,196608,17,2020.4599609375,4941.58984375,0.1294109970331192,0.1214599981904029,1.1094900369644165,1.0366400480270386,12.737700462341309,0.7194250226020813,0.1293729990720749,0.9995020031929016,0.9995020031929016,1.349310040473938,0.1898819953203201,-0.0037203300744295,0.1888040006160736,0.8171799778938293,0.7722569704055786,3.5487701097736135e-05,2.461300027789548e-06,3.534580173436552e-05,1.2641800140045234e-07,0.8786410093307495,2.75,3.253150134696625e-05,3.0943599540478317e-06,2.042949914932251,890.0,1.5165799856185913,1.916830001391645e-07,4.2143701648456044e-06,25.02589988708496,0.25,0.0092471837561424,,,,,,,,,,,,,,,,,,WISEA J224725.66-254021.3,IrS,,,,,1.7551002502441406,0.7854995727539062,0.34639930725097656,-0.05349922180175781,0.014457968399538489,0.0066706240103648435,0.004930388329410209,0.0052721017973713135,-0.1501007080078125,-0.035400390625,-0.052999496459957385,-0.0186004638671875,-0.09000015258789062,29.873572534324115,0
PSO J224729.793-254007.039,,,,77193418741347943,1053125000003132,520184964058171,0,12826261519735,7719,1,792,56,0.508410580929751,1053125,121115,3,444915712,53,341.87413838,-25.66862221,0.0010000000474974,0.0010000000474974,341.87412916,-25.66862487,0.0137299997732043,0.0149199999868869,56048.96288194,1.6154999732971191,0.8565869522321578,-0.2804039310276139,-0.4331655904268992,333.3667377131997,-16.611659738602807,28.842420445370408,-62.27695427935653,,5,63,16,17,17,11,2,1180957000000135,1,1,3191,2523111395071888503,4081442,341.87413838,-25.66861048,0.010725500062108,0.0099339401349425,56031.8167673,20.828399658203125,0.0213130004703998,20.304399490356445,0.0040589999407529,20.325199127197266,0.0235290005803108,262160391,524416,196608,13,1798.4300537109375,4996.8701171875,0.0429020002484321,0.0397358015179634,1.1930400133132937,1.0916999578475952,-73.36630249023438,0.5851609706878662,1.344260027915579e-25,0.9990829825401306,0.9990829825401306,1.5226800441741943,0.2569200098514557,0.0004269210039637,0.2897000014781952,1.2551900148391724,0.9471039772033693,1.692909972916823e-05,3.6081300436308084e-07,2.743190088949632e-05,1.1134500255138847e-07,0.8952469825744629,2.9999899864196777,2.691000008780975e-05,6.331770237011369e-07,3.137969970703125,903.0,10.458200454711914,1.6947099723552128e-08,5.209079745327472e-07,24.93819999694824,0.2499990016222,3191,2523111889261562999,4083283,341.87413504,-25.66862221,0.0072866599075496,0.0069187600165605,56059.4362497,20.41010093688965,0.0153170004487037,19.90570068359375,0.0034109998960047,19.812299728393555,0.0186110008507967,262160391,524416,196608,16,1798.4599609375,4996.75,0.0291466992348432,0.0276749990880489,1.1223599910736084,1.101289987564087,-61.792701721191406,0.241470992565155,3.430890049586382e-35,0.9975529909133912,0.9975529909133912,1.8379000425338743,0.2238209992647171,0.0052491500973701,0.232136994600296,1.3695600032806396,0.929768979549408,2.488690006430261e-05,3.81191995302288e-07,3.960050162277184e-05,1.3506399909601896e-07,0.8689860105514526,2.5,4.315979822422378e-05,8.032640153032844e-07,3.4238998889923096,880.0,12.378199577331545,1.2832799711759437e-08,6.009939852447133e-07,24.973100662231445,0.25,3191,2523112187224919159,4084393,341.87413394,-25.66863224,0.007627559825778,0.0072389300912618,56340.9086806,20.152000427246097,0.0159639995545148,19.579500198364254,0.0021669999696314,19.511699676513672,0.0192809998989105,262160391,524416,196608,17,1798.469970703125,4996.60009765625,0.0305103007704019,0.0289556998759508,1.0989199876785278,1.0887600183486938,81.4229965209961,0.3896790146827698,2.2538000211451087e-37,0.999575972557068,0.999575972557068,1.6190799474716189,0.2381650060415268,0.006081230007112,0.2348929941654205,1.4226800203323364,0.9587910175323486,3.1565301469527185e-05,5.039040047449816e-07,5.3482799557968974e-05,1.1589899884256739e-07,0.8786410093307495,2.75,5.6924800446722656e-05,1.0975600162055343e-06,3.5567100048065186,1575.0,12.77530002593994,2.2118799236636733e-08,7.504519885515037e-07,24.99049949645996,0.25,3191,2523112615379471479,4085988,341.87414292,-25.66862776,0.0138755999505519,0.0127138001844286,55892.6201674,20.26919937133789,0.0332890003919601,19.692100524902344,0.0033990000374615,19.679100036621097,0.0385570004582405,262160391,524416,196608,11,1798.3599853515625,4996.66015625,0.0555022992193698,0.0508553981781005,0.9752539992332458,0.9322509765625,-28.350500106811523,0.3581629991531372,4.5591799329961025e-37,0.997972011566162,0.997972011566162,1.3626099824905396,0.179964005947113,-0.0054852701723575,0.187962993979454,1.0693000555038452,0.8654760122299194,2.8334899980109185e-05,9.432440037926426e-07,4.821249967790209e-05,1.6386300671911158e-07,0.848825991153717,2.25,4.879420157521963e-05,1.8813500446412943e-06,2.6732499599456787,720.0,12.72029972076416,6.238339977926445e-08,1.6295399518639897e-06,25.01070022583008,0.25,3191,2523121818420644983,4120272,341.87416514,-25.66860604,0.0334100015461444,0.0313572995364666,56067.2726093,20.02120018005371,0.0716229975223541,19.31060028076172,0.0025690000038594,19.374399185180664,0.0772610008716583,262160391,655360,196608,16,1798.0699462890625,4996.990234375,0.1336400061845779,0.1254290044307708,1.105080008506775,1.037670016288757,10.442099571228027,0.7305229902267456,2.804800050577866e-17,0.9970710277557372,0.9970710277557372,1.4616800546646118,0.2648929953575134,-0.0114599000662565,0.2630769908428192,1.2823699712753296,0.8011969923973083,3.5607001336757094e-05,2.550269982748432e-06,6.851230136817321e-05,1.7600500257231033e-07,0.8865320086479187,2.75,6.460159784182906e-05,4.991190053260652e-06,3.2059199810028076,890.0,8.45442008972168,1.6171100014616968e-07,4.155149781581713e-06,25.02589988708496,0.25,0.0107846679829335,,,,,,,,,,,,,,,,,,GALEXASC J224729.76-254006.6,UvS,,,,,0.3986988067626953,0.32620048522949574,-0.11260032653808949,0.381500244140625,0.0053019242553601345,0.0040411395866669295,0.0040310160162229285,0.004260629328455231,-0.020799636840820312,0.09340095520019531,0.06780052185058238,0.013000488281246447,-0.06379890441894531,45.69365203484522,0
PSO J224726.996-253953.380,,,,77203418625552475,1053125000000298,520184964055337,0,12826262235608,7720,1,792,56,0.834988807174367,1053125,121115,3,436527104,52,341.86248693,-25.664828,0.0010000000474974,0.0010000000474974,341.86248658,-25.66484954,0.0385700017213821,0.050060000270605,56132.85706019,1.746000051498413,0.8565570781530372,-0.280586869382081,-0.4331062001360574,333.35822928288553,-16.604050967314098,28.846508276885732,-62.26596541406613,,4,25,7,10,8,0,0,1180957000000020,1,1,3417,2523111395071888729,4081442,341.86246779,-25.66481466,0.0237940996885299,0.0220381002873182,56031.8167673,21.682899475097656,0.0472830012440681,21.49850082397461,0.0070349997840821,21.6210994720459,0.0648690015077591,195035141,524416,196608,12,1950.1500244140625,5050.8798828125,0.0951765030622482,0.088152602314949,1.1940699815750122,1.0930099487304688,-73.94059753417969,0.5700719952583313,0.1744489967823028,0.998898983001709,0.998898983001709,1.3155100345611572,0.2380409985780716,0.0036588099319487,0.2044309973716735,0.992260992527008,0.7961689829826355,7.706020369369071e-06,3.643610000381159e-07,9.132510058407206e-06,6.42445030507588e-08,0.8974570035934448,2.9999899864196777,8.157219781423919e-06,5.2914998605047e-07,2.480649948120117,903.0,1.358049988746643,1.1656799969728128e-08,5.161859917279799e-07,24.93819999694824,0.2499990016222,3417,2523111889261563225,4083283,341.86248744,-25.66485438,0.0255942996591329,0.0243020001798868,56059.4362497,21.677499771118164,0.0538010001182556,21.17609977722168,0.0061220000497996,21.17099952697754,0.0612040013074874,262160391,655360,196608,12,1949.8800048828125,5050.35009765625,0.1023769974708557,0.097208097577095,1.1238499879837036,1.0977699756622314,-57.37350082397461,0.1987079977989196,1.8522700734324715e-11,0.9974240064620972,0.9974240064620972,1.4921000003814695,0.2512040138244629,-0.0076268701814115,0.2026679962873459,1.0985000133514404,0.7912269830703735,7.744890353933442e-06,4.166799953964073e-07,1.2290000086068176e-05,7.524260325908473e-08,0.8785349726676941,2.5,1.2348599739198107e-05,7.557870276286849e-07,2.7462399005889893,880.0,6.717219829559326,1.6793599399989034e-08,6.057489940758387e-07,24.973100662231445,0.25,3417,2523112187224919385,4084393,341.86248693,-25.66483457,0.0275844000279903,0.0261790007352828,56340.9086806,21.541200637817383,0.0577320009469985,20.84119987487793,0.0038739999290555,20.88759994506836,0.0607279986143112,262160391,655360,196608,21,1949.8900146484375,5050.64013671875,0.1103380024433136,0.1047160029411315,1.0978599786758425,1.0868300199508667,82.0354995727539,0.3974829912185669,4.2801999218263554e-24,0.998412013053894,0.998412013053894,1.1649099588394165,0.2826049923896789,0.0018406199524179,0.2205560058355331,1.195389986038208,0.8879950046539307,8.780210009717848e-06,5.068990276413388e-07,1.6731000869185664e-05,6.482370196181364e-08,0.8865320086479187,2.75,1.6031299310270697e-05,9.735459798321244e-07,2.9884700775146484,1575.0,10.125,1.4107300216892328e-08,7.48126979033259e-07,24.99049949645996,0.25,3417,2523112615379471705,4085988,341.86248859,-25.66481928,0.0417977012693882,0.038298200815916,55892.6201674,21.631200790405273,0.1002779975533485,21.303600311279297,0.0071390001103281,21.347000122070312,0.1388709992170334,195035141,655360,196608,14,1949.8699951171875,5050.85986328125,0.1671909987926483,0.1531929969787597,0.9764540195465088,0.9325770139694214,-28.21789932250977,0.3584229946136474,0.0591990016400814,0.9971680045127868,0.9971680045127868,1.2279399633407593,0.1645890027284622,0.0110668996348977,0.1292030066251754,0.9494550228118896,0.7142279744148254,8.082240128715057e-06,8.104669859676505e-07,1.0928400115517434e-05,7.80153968094055e-08,0.8606160283088684,2.25,1.0499899872229436e-05,1.4581299865312758e-06,2.3736400604248047,720.0,1.8867100477218628,7.13201018243126e-08,1.647209955990547e-06,25.01070022583008,0.25,3417,2523121818420645209,4120272,341.86248311,-25.664828,0.1236530020833015,0.1160549968481063,56067.2726093,21.447200775146484,0.265080988407135,21.374900817871097,0.0066470000892877,,,186646529,655364,196608,14,1949.93994140625,5050.75,0.494610995054245,0.4642220139503479,1.1072800159454346,1.036489963531494,12.061599731445312,0.7174850106239319,,0.9744719862937928,0.9744719862937928,1.4452199935913086,,,,,,9.574489922670182e-06,2.538009994168533e-06,1.0233899956801906e-05,6.802380170256583e-08,0.6602960228919983,2.75,,,,890.0,,1.8973200610616914e-07,4.178749804850668e-06,25.02589988708496,0.25,0.0004062467081593,,,,,,,,,,,,,,,,,,SN 2022omn,SN,,,,,0.3224010467529297,0.33489990234375,-0.4624004364013672,-0.07130050659180043,0.009325776459458028,0.007244774672829261,0.008122388689639683,0.00975438018339737,-0.12259864807128906,0.005100250244140625,-0.04640007019042969,-0.043399810791015625,,37.393080108002614,0
PSO J224728.267-253945.778,,,,77203418677495044,1053125000001520,520184964056559,0,12826261492263,7720,1,792,56,0.989875632328797,1053125,121115,3,436527104,52,341.86778011,-25.66271621,0.0010000000474974,0.0010000000474974,341.86777918,-25.66272628,0.0199500005692243,0.0240000002086162,56121.61306713,0.973699986934662,0.8565982456121336,-0.2805127399260715,-0.4330727979836449,333.3636776742743,-16.603981679753826,28.85277769613215,-62.27029608603971,,5,36,6,14,15,1,0,1180957000000074,1,1,3321,2523111395071888633,4081442,341.86779106,-25.66269795,0.0276305992156267,0.0255913995206356,56031.8167673,21.961700439453125,0.0549059994518756,22.08139991760254,0.009201000444591,22.06439971923828,0.0748469978570938,195035141,655360,196608,14,1881.18994140625,5081.66015625,0.1105220019817352,0.1023660004138946,1.1950700283050537,1.092769980430603,-73.443603515625,0.5710819959640503,0.7181990146636963,0.9992579817771912,0.9992579817771912,1.3212100267410278,0.1663479954004287,-0.0337328016757965,0.1893559992313385,0.8398360013961792,0.7235990166664124,5.961060196568724e-06,3.273000004355709e-07,5.338869868865004e-06,4.9120799872071075e-08,0.8974570035934448,2.9999899864196777,5.422909907792928e-06,4.058869933487586e-07,2.0995900630950928,903.0,0.3608669936656952,1.5312499712649696e-08,5.187320084587554e-07,24.93819999694824,0.2499990016222,3321,2523111889261563129,4083283,341.86779024,-25.66271621,0.0217010993510484,0.021952100098133,56059.4362497,21.557300567626953,0.037346001714468,21.613100051879883,0.0074869999662041,21.7273006439209,0.0623099990189075,262144005,524416,196608,18,1881.1800537109375,5081.43994140625,0.08680459856987,0.0878083035349845,1.1205400228500366,1.0979499816894531,-56.95349884033203,0.217398002743721,-0.95966899394989,0.9967250227928162,0.9967250227928162,1.3579000234603882,0.1431619971990585,-0.0162777993828058,0.1469870060682296,0.8697999715805054,0.7055439949035645,8.651590178487822e-06,3.230989875646628e-07,8.217510185204446e-06,6.152600207087744e-08,0.8689860105514526,2.5,7.397559784294572e-06,4.6094399408502795e-07,2.174499988555908,880.0,-0.0505690984427928,1.6332400321061872e-08,6.059070187802718e-07,24.973100662231445,0.25,3321,2523112187224919289,4084393,341.86777052,-25.66273039,0.0192028004676103,0.018224399536848,56340.9086806,21.312599182128903,0.0401900000870227,21.131500244140625,0.0044289999641478,21.223499298095703,0.0622610002756118,195035141,524416,196608,23,1881.43994140625,5081.240234375,0.0768114998936653,0.0728977993130683,1.0964299440383911,1.0856800079345703,78.34140014648438,0.4112490117549896,0.1514800041913986,0.9985079765319824,0.9985079765319824,1.1601999998092651,0.1735820025205612,-0.0112883001565933,0.1591559946537017,1.0137399435043335,0.7672929763793945,1.0838700291060375e-05,4.356060117061134e-07,1.2805900041712448e-05,5.671229885706453e-08,0.8812710046768188,2.75,1.176549994852394e-05,7.325269848479365e-07,2.5343499183654785,1575.0,1.4343199729919434,1.6303500771641666e-08,7.523320277869061e-07,24.99049949645996,0.25,3321,2523112615379471609,4085988,341.86778011,-25.66271982,0.0321430005133152,0.0294518005102872,55892.6201674,21.342199325561523,0.077114999294281,21.149200439453125,0.0066490001045167,21.297399520874023,0.1216999962925911,262160391,655360,196608,14,1881.3199462890625,5081.39013671875,0.1285720020532608,0.117807000875473,0.975911021232605,0.932429015636444,-28.27720069885254,0.3583050072193146,0.0012860100250691,0.9980279803276062,0.9980279803276062,1.3744200468063354,0.1448179930448532,0.0138117000460624,0.1492000073194503,0.8934900164604187,0.7257050275802612,1.054699987435015e-05,8.133309847835335e-07,1.259869986824924e-05,8.37653999496979e-08,0.8527560234069824,2.25,1.0991299859597348e-05,1.33765001919528e-06,2.233720064163208,720.0,3.219079971313477,7.598789864005084e-08,1.6479400528623955e-06,25.01070022583008,0.25,3321,2523121818420645113,4120272,341.86776863,-25.66265915,0.0909307971596717,0.0853440016508102,56067.2726093,21.16320037841797,0.1949329972267151,20.966100692749023,0.0055060000158846,21.619600296020508,0.3727419972419739,195035141,655360,196608,18,1881.469970703125,5082.27978515625,0.3637230098247528,0.3413760066032409,1.105299949645996,1.0363399982452393,11.479599952697754,0.7214739918708801,-0.2134719938039779,0.9991499781608582,0.9991499781608582,1.420989990234375,0.1721139997243881,-0.0703400000929832,0.1382129937410354,0.8042140007019043,0.6019589900970459,1.243659971805755e-05,2.4242999643320218e-06,1.491269995312905e-05,8.211439705974044e-08,0.8891630172729492,2.75,8.168560270860326e-06,3.0447599783656187e-06,2.0105299949645996,890.0,-1.244070053100586,1.8894600373187134e-07,4.158649971941486e-06,25.02589988708496,0.25,0.0048294462179636,,,,,,,,,,,,,,,,,,,,,,,,0.46829986572265625,0.4815998077392578,-0.0177001953125,0.18309974670410156,0.011862275400415553,0.008698920000572565,0.007989070225769973,0.00863280015781579,0.017000198364257812,-0.11420059204101562,-0.09199905395507812,-0.14819908142089844,-0.6534996032714844,13.319382134837891,0
PSO J224729.346-253950.565,,,,77203418722673451,1053125000002662,520184964057701,0,12826261492850,7720,1,792,56,0.624871878535367,1053125,121115,3,436527104,52,341.87227523,-25.66404608,0.0010000000474974,0.0010000000474974,341.87227517,-25.66404825,0.0032800000626593,0.0034099998883903,56022.98949074,1.120300054550171,0.856610758320676,-0.2804424129427163,-0.433093594679191,333.3670193872222,-16.60679506656211,28.851487824153313,-62.274516278148376,,5,88,15,16,26,15,16,1180957000000113,1,1,3234,2523111395071888546,4081442,341.87227394,-25.66404064,0.0027753300964832,0.00299570010975,56031.8167673,18.89430046081543,0.0047980002127587,18.899200439453125,0.0021250001154839,18.963699340820312,0.0062870001420378,262144069,524416,196608,14,1822.9100341796875,5062.56982421875,0.0111012998968362,0.0119828004390001,1.193850040435791,1.0923199653625488,-73.57219696044922,0.5767650008201599,-0.8439970016479492,0.9992650151252748,0.9992650151252748,1.3454400300979614,0.1783600002527237,-0.0028120300266891,0.1954209953546524,1.1320600509643557,0.8649070262908936,0.0001005279991659,4.823269819098641e-07,0.0001000690026558,2.1266299654598697e-07,0.8996679782867432,2.9999899864196777,9.430089994566516e-05,5.928450264036655e-07,2.830159902572632,903.0,-0.1967840045690536,1.716230002557495e-08,5.208900120123872e-07,24.93819999694824,0.2499990016222,3234,2523111889261563042,4083283,341.87227536,-25.66404445,0.0020239299628883,0.0019889599643647,56059.4362497,18.528499603271484,0.0036919999402016,18.562999725341797,0.0018380000256001,18.645000457763672,0.0047459998168051,262144069,524416,196608,14,1822.8800048828125,5062.56982421875,0.0080957096070051,0.0079558296129107,1.1198899745941162,1.0993499755859375,-58.419898986816406,0.2331729978322982,-0.4302769899368286,0.9975280165672302,0.9975280165672302,1.3641200065612793,0.1486440002918243,-0.0011028599692508,0.1504469960927963,0.9900839924812316,0.8041689991950989,0.0001407939998898,5.197929908717924e-07,0.000136389004183,2.506560008441739e-07,0.872169017791748,2.5,0.0001264739985344,6.00201019551605e-07,2.475209951400757,880.0,-0.7887179851531982,1.4818899884971872e-08,6.041149731572659e-07,24.973100662231445,0.25,3234,2523112187224919202,4084393,341.87227523,-25.66404608,0.0020184800960123,0.002023380016908,56340.9086806,18.385099411010746,0.0035939998924732,18.388599395751953,0.0012519999872893,18.442100524902344,0.0059449998661875,262144069,524416,196608,26,1822.8800048828125,5062.5400390625,0.008073910139501,0.0080935098230838,1.0963399410247805,1.0862699747085571,78.18789672851562,0.4050930142402649,-0.9023839831352234,0.9987499713897704,0.9987499713897704,1.1592299938201904,0.1565999984741211,0.0008766439859755,0.1580799967050552,1.2130800485610962,0.8259450197219849,0.0001606860023457,5.774530222879548e-07,0.0001601639960426,2.0056499749898649e-07,0.8812710046768188,2.75,0.0001524679973954,9.064549999493464e-07,3.032710075378418,1575.0,-0.122649997472763,1.917629965930701e-08,7.532700010415283e-07,24.99049949645996,0.25,3234,2523112615379471522,4085988,341.87227306,-25.66404623,0.0029434401076287,0.0028915400616824,55892.6201674,18.3523006439209,0.0058909999206662,18.352500915527344,0.0018339999951422,18.43589973449707,0.0097460001707077,262144069,524416,196608,15,1822.9200439453125,5062.5400390625,0.0117737995460629,0.0115662002936005,0.9754480123519896,0.9323030114173888,-28.32859992980957,0.3582049906253814,0.768688976764679,0.9983310103416444,0.9983310103416444,1.3554199934005735,0.122088998556137,0.0007800289895385,0.1186449974775314,0.9771469831466676,0.7619670033454895,0.0001656020031077,9.755509609021829e-07,0.0001655709929764,3.036639952824771e-07,0.8684750199317932,2.25,0.0001533379981992,1.4944399708838318e-06,2.4428699016571045,720.0,0.294090986251831,7.322559980593725e-08,1.6398299749198486e-06,25.01070022583008,0.25,3234,2523121818420645026,4120272,341.87227951,-25.66405299,0.008962569758296,0.0084653003141283,56067.2726093,18.232799530029297,0.0144910002127289,18.220399856567383,0.0015549999661743,18.328399658203125,0.0245629996061325,262144069,524416,196608,17,1822.8299560546875,5062.4501953125,0.0358503013849258,0.0338612012565135,1.1042799949645996,1.0366599559783936,10.88819980621338,0.7269300222396851,-0.5003499984741211,0.9983919858932496,0.9983919858932496,1.418660044670105,0.1718699932098388,0.0009961510077118,0.1650370061397552,1.0749800205230713,0.8051270246505737,0.0001848740066634,2.6789300591190113e-06,0.0001870039995992,2.907810028318636e-07,0.8812710046768188,2.75,0.0001692920050118,4.1583398342481814e-06,2.6874399185180664,890.0,-0.6739389896392822,1.8063900597553586e-07,4.149630058236653e-06,25.02589988708496,0.25,0.0084437510559287,,,,,,,,,,,,,,,,,,WISEA J224729.30-253950.5,UvS,,,,,0.3362007141113281,0.17440032958984375,0.036098480224609375,0.13210105895996094,0.002809603100957955,0.002223903788898786,0.002220599007104614,0.002404491812625625,-0.0644989013671875,-0.082000732421875,-0.053501129150390625,-0.08339881896972656,-0.10799980163574219,8.480536614756254,0
PSO J224725.479-253916.020,,,,77213418561284932,1052365000134067,520180669221813,0,12826262196277,7721,1,792,56,0.990390010169139,1052365,121114,3,444915712,53,341.85616298,-25.65445008,0.0010000000474974,0.0010000000474974,341.85615897,-25.65445281,0.0279600005596876,0.0200100000947713,55906.15159722,1.2107000350952148,0.8566007540207244,-0.2807059324645526,-0.432942637875195,333.3570394500524,-16.59224745896741,28.86638409263272,-62.25854601811474,,4,41,13,12,15,1,0,1180957000007483,1,1,3541,2523111395071888853,4081442,341.85616294,-25.65443245,0.017502399161458,0.0162106994539499,56031.8167673,21.43370056152344,0.0347799994051456,20.77300071716309,0.0050369999371469,20.800199508666992,0.0343520008027553,262160391,655488,196608,14,2032.6600341796875,5200.02978515625,0.070009596645832,0.0648429989814758,1.19268000125885,1.094050049781799,-75.506103515625,0.5529509782791138,7.635649956113554e-25,0.998669981956482,0.998669981956482,1.6390199661254885,0.2901639938354492,-0.0162672996520996,0.2489479929208755,1.1999499797821045,0.8891029953956604,9.694270374893676e-06,3.371669947682676e-07,1.781610080797691e-05,8.973189835614903e-08,0.8974570035934448,2.9999899864196777,1.7374199160258286e-05,5.968390155430825e-07,2.999880075454712,903.0,10.2923002243042,1.4253499713845486e-08,5.103009925733204e-07,24.93819999694824,0.2499990016222,3541,2523111889261563349,4083283,341.85617247,-25.65442648,0.0163697991520166,0.0155432997271418,56059.4362497,21.353200912475582,0.0344099998474121,21.015600204467773,0.0056859999895095,21.158100128173828,0.0405640006065368,262160391,655488,196608,14,2032.52001953125,5200.169921875,0.0654790997505188,0.0621730014681816,1.118749976158142,1.0915499925613403,-52.76060104370117,0.1827639937400818,1.8699699921853608e-06,0.996969997882843,0.996969997882843,1.3775899410247805,0.180414006114006,0.0003514050040394,0.1876530051231384,0.849793016910553,0.6927930116653442,1.0440399819344748e-05,3.592570010368945e-07,1.4248599654820282e-05,8.101689985551276e-08,0.8689860105514526,2.5,1.2496199815359432e-05,5.068960149401391e-07,2.1244800090789795,880.0,4.7669901847839355,2.2249199815860266e-08,6.138109824860294e-07,24.973100662231445,0.25,3541,2523112187224919509,4084393,341.85616235,-25.65445195,0.015484900213778,0.0146958995610475,56340.9086806,21.104900360107425,0.0324090011417865,20.59040069580078,0.0034519999753683,20.677600860595703,0.038391001522541,262160391,524416,196608,23,2032.6500244140625,5199.7998046875,0.061939600855112,0.0587836988270282,1.0914499759674072,1.0815900564193726,78.0156021118164,0.420307993888855,1.4568600086326482e-16,0.9989539980888368,0.9989539980888368,1.2417399883270264,0.2275860011577606,0.0036857400555163,0.1920440047979354,1.02374005317688,0.8600819706916809,1.3123700227879452e-05,4.253220140526537e-07,2.1078099962323904e-05,7.275939850615033e-08,0.8917940258979797,2.75,1.9452600099612027e-05,7.468120202247519e-07,2.5593600273132324,1575.0,8.259989738464355,8.735380419011562e-09,7.547989753220463e-07,24.99049949645996,0.25,3541,2523112615379471829,4085988,341.85617239,-25.65445683,0.0265923999249935,0.0243660006672143,55892.6201674,21.14259910583496,0.063798002898693,20.80590057373047,0.0056770001538097,21.01210021972656,0.0819230005145073,262160391,655360,196608,14,2032.530029296875,5199.72998046875,0.1063700020313263,0.0974638983607292,0.9771090149879456,0.9327539801597596,-28.1476993560791,0.3585659861564636,0.0024220100603997,0.9982609748840332,0.9982609748840332,1.45386004447937,0.1538099944591522,0.0057080998085439,0.1229569986462593,0.7728000283241272,0.6782000064849854,1.2675899597525133e-05,8.08700974630483e-07,1.7283300621784292e-05,9.811039802798405e-08,0.8448969721794128,2.25,1.4294600077846551e-05,1.17105003027973e-06,1.9320000410079956,720.0,3.0329198837280273,9.055769822907679e-08,1.6960799484877498e-06,25.01070022583008,0.25,3541,2523121818420645333,4120272,341.85616298,-25.65445008,0.1306989938020706,0.1226689964532852,56067.2726093,21.506500244140625,0.2801859974861145,21.81450080871582,0.0081390002742409,,,186646529,655364,196608,16,2032.6400146484375,5199.83984375,0.5227959752082825,0.4906750023365021,1.108309984207153,1.0358099937438965,12.699399948120115,0.7006880044937134,,0.9798970222473145,0.9798970222473145,1.5115000009536743,,,,,,9.065360245585907e-06,2.5399899641342927e-06,6.826319804531522e-06,5.5556501621367715e-08,0.6655570268630981,2.75,,,,890.0,,2.0197499850382886e-07,4.168180112174014e-06,25.02589988708496,0.25,0.0120234984068072,,,,,,,,,,,,,,,,,,GALEXASC J224725.51-253916.5,UvS,,,,,-0.24259948730468395,0.4251995086669922,-0.2154998779296875,-1.0086002349853516,0.0075961808988148725,0.006651834311725209,0.0066441428774747235,0.00992328857841234,-0.027198791503902697,-0.1424999237060547,-0.08720016479492188,-0.2061996459960902,,146.04947818398475,0
PSO J224726.512-253921.169,,,,77213418604563254,1052365000134855,520180669222601,0,12826262199367,7721,1,792,56,0.128097429059537,1052365,121114,3,436527104,52,341.86046774,-25.65588035,0.0010000000474974,0.0010000000474974,341.86045864,-25.6558766,0.0207700002938509,0.0193799994885921,55972.54001157,1.030500054359436,0.8566115926112594,-0.280638299872178,-0.4329650379058974,333.360169796939,-16.595084544433988,28.864816122960367,-62.26261004471033,,5,40,3,15,16,6,0,1180957000007526,1,1,3462,2523111395071888774,4081442,341.8604031,-25.65588035,0.0347467996180057,0.0321824997663497,56031.8167673,22.255300521850582,0.0690469965338707,22.039100646972656,0.0090229995548725,22.116500854492188,0.1023439988493919,195035141,655360,196608,14,1977.52001953125,5179.419921875,0.1389880031347274,0.1287299990653991,1.1937700510025024,1.0938899517059326,-74.8843002319336,0.5567569732666016,0.1030509993433952,0.9996230006217957,0.9996230006217957,1.3358900547027588,0.1844760030508041,0.0358924008905887,0.2226859927177429,1.1243300437927246,0.7900859713554382,4.548439846985275e-06,3.140580133731419e-07,5.550879905058537e-06,5.0086701008922325e-08,0.8775629997253418,2.9999899864196777,5.168849838810274e-06,5.289990099299757e-07,2.8108201026916504,903.0,1.630239963531494,1.5038200018580028e-08,5.136969889463217e-07,24.93819999694824,0.2499990016222,3462,2523111889261563270,4083283,341.86044735,-25.65586715,0.0194767992943525,0.0196396000683307,56059.4362497,21.464500427246097,0.0340140014886856,21.259899139404297,0.0063629997894167,21.35689926147461,0.0470560006797313,262144005,655488,196608,17,1976.93994140625,5179.66015625,0.0779073983430862,0.078558400273323,1.1182600259780884,1.0931999683380127,-53.13669967651367,0.1948879957199096,0.0036412300541996,0.9976339936256408,0.9976339936256408,1.4915900230407717,0.1795240044593811,0.016406500712037,0.1881430000066757,0.8978340029716492,0.7244269847869873,9.422979928785937e-06,3.205159941899183e-07,1.137690014729742e-05,7.239370347633668e-08,0.8849009871482849,2.5,1.0404900422145149e-05,4.896130008091859e-07,2.2445900440216064,880.0,2.907680034637451,2.0618099227931452e-08,6.118569899626891e-07,24.973100662231445,0.25,3462,2523112187224919430,4084393,341.86046774,-25.65588689,0.0151894995942711,0.0144156003370881,56340.9086806,21.07349967956543,0.0317899994552135,20.80970001220703,0.0038189999759197,20.85029983520508,0.0454699993133544,262160391,655488,196608,25,1976.6700439453125,5179.3798828125,0.0607579983770847,0.0576623007655143,1.092329978942871,1.082319974899292,76.68190002441406,0.4227139949798584,4.024519967060769e-06,0.9991559982299804,0.9991559982299804,1.157039999961853,0.1931830048561096,0.0152244996279478,0.2047709971666336,1.0661900043487549,0.8193699717521667,1.350820002699038e-05,4.294290079087659e-07,1.722329943731893e-05,6.577040068123098e-08,0.8865320086479187,2.75,1.659170084167272e-05,7.544239792878216e-07,2.6654698848724365,1575.0,4.610109806060791,1.0851800347211338e-08,7.551910243819293e-07,24.99049949645996,0.25,3462,2523112615379471750,4085988,341.86047122,-25.6558745,0.0217677000910043,0.0199452005326747,55892.6201674,20.795499801635746,0.0522230006754398,20.750900268554688,0.0055350000038743,20.856300354003903,0.0754060000181198,195035141,655360,196608,11,1976.6300048828125,5179.5498046875,0.0870710015296936,0.0797810032963752,0.97666597366333,0.9326339960098268,-28.194900512695312,0.358469009399414,0.3089880049228668,0.998610019683838,0.998610019683838,1.3882700204849243,0.1537390053272247,0.0078177601099014,0.1141709983348846,0.7540389895439148,0.7640640139579773,1.745060035318602e-05,9.11328015718027e-07,1.8181599443778396e-05,1.006280001547566e-07,0.848825991153717,2.25,1.650040030654054e-05,1.2442300203474588e-06,1.88510000705719,720.0,1.0173499584197998,8.906380344342325e-08,1.681289973021194e-06,25.01070022583008,0.25,3462,2523121818420645254,4120272,341.86051681,-25.65591651,0.0611224994063377,0.0573671013116836,56067.2726093,20.631999969482425,0.1310320049524307,20.658899307250977,0.0047800000756978,20.86599922180176,0.1960050016641616,195035141,655360,196608,15,1976.030029296875,5178.97021484375,0.2444899976253509,0.2294690012931823,1.1066999435424805,1.035670042037964,12.328100204467772,0.7079060077667236,-0.5579410195350647,0.9973210096359252,0.9973210096359252,1.429360032081604,0.1605959981679916,0.0091824904084205,0.1914660036563873,0.8042140007019043,0.8718010187149048,2.028679955401458e-05,2.6582099508232204e-06,1.978980071726255e-05,9.459360228447623e-08,0.8917940258979797,2.75,1.6353000319213606e-05,3.205270104444935e-06,2.0105299949645996,890.0,-0.5859019756317139,2.031160022397671e-07,4.160800017416477e-06,25.02589988708496,0.25,0.0092054694424179,,,,,,,,,,,,,,,,,,,,,,,,0.7792015075683594,0.4501991271972656,0.05879974365234375,0.09200096130371094,0.011040936884492472,0.007421086654674747,0.006724655073605127,0.007313318382687812,-0.07740020751953125,-0.0970001220703125,-0.04059982299805043,-0.1054000854492152,-0.2070999145507848,3.9449460868321418,0
PSO J224730.140-253928.698,,,,77213418755870711,1053125000003497,520184964058536,0,12826261535587,7721,1,792,56,0.848253226697681,1053125,121115,3,436527104,52,341.87558356,-25.65797184,0.0010000000474974,0.0010000000474974,341.87559145,-25.65797766,0.0142400003969669,0.0118500003591179,55958.26888889,1.106600046157837,0.8566705943606967,-0.2804071048652454,-0.432998092719566,333.37238467439556,-16.602395995827713,28.865452550477787,-62.27640848683121,,5,56,4,16,18,14,4,1180957000000152,1,1,3156,2523111395071888468,4081442,341.87561312,-25.65796981,0.0353730991482734,0.0327625982463359,56031.8167673,22.26490020751953,0.0702920034527778,22.26549911499023,0.0100149996578693,22.50909996032715,0.1102610006928443,195035141,655360,196608,15,1779.949951171875,5150.18017578125,0.1414929926395416,0.1310510039329528,1.1932400465011597,1.0927599668502808,-74.24220275878906,0.5703949928283691,-0.1793580055236816,0.998768985271454,0.998768985271454,1.2831000089645386,0.194824993610382,0.0246376004070043,0.195032998919487,0.8398360013961792,0.755495011806488,4.508639904088341e-06,3.169220121890249e-07,4.50590005129925e-06,4.5126501646564066e-08,0.9018779993057252,2.9999899864196777,3.6005098991154227e-06,3.969969952777319e-07,2.0995900630950928,903.0,-1.3427400588989258,2.0342600492995192e-08,5.239460278971819e-07,24.93819999694824,0.2499990016222,3156,2523111889261562964,4083283,341.87558166,-25.65798793,0.0096516096964478,0.0091642998158931,56059.4362497,20.85300064086914,0.0202879998832941,20.628000259399418,0.0047570001333951,20.718599319458008,0.028456000611186,262160391,524416,196608,18,1780.3399658203125,5149.97021484375,0.0386064015328884,0.0366571992635726,1.114789962768555,1.0976300239562988,-53.98720169067383,0.2418410032987594,2.909519935201388e-05,0.9974219799041748,0.9974219799041748,1.484910011291504,0.1734389960765838,0.0075710099190473,0.1926289945840835,0.9789109826087952,0.8087239861488342,1.6550300642848015e-05,3.357760078870342e-07,2.0360899725346823e-05,9.68473017337601e-08,0.8849009871482849,2.5,1.8730899682850577e-05,5.330080057319719e-07,2.447279930114746,880.0,4.1804399490356445,1.6085900611528814e-08,6.069599862712494e-07,24.973100662231445,0.25,3156,2523112187224919124,4084393,341.8755809,-25.65797184,0.0079551497474312,0.0075498200021684,56340.9086806,20.286800384521484,0.0166490003466606,20.095300674438477,0.0027479999698698,20.184099197387695,0.0241940002888441,262160391,524416,196608,25,1780.3499755859375,5150.2001953125,0.0318205989897251,0.0301993004977703,1.0924700498580933,1.0833499431610107,71.80290222167969,0.4220499992370605,0.0003084090130869,0.9984970092773438,0.9984970092773438,1.2471699714660645,0.1794559955596923,0.0034028401132673,0.1881709992885589,1.0115200281143188,0.8436350226402283,2.787810080917552e-05,4.641549935513467e-07,3.325540092191659e-05,9.139110090927717e-08,0.8917940258979797,2.75,3.064499833271839e-05,7.414349738610326e-07,2.52878999710083,1575.0,3.608129978179931,1.8272999113833063e-08,7.595630222567706e-07,24.99049949645996,0.25,3156,2523112615379471444,4085988,341.87558356,-25.65797733,0.0112017001956701,0.0102639002725481,55892.6201674,20.076499938964844,0.0268740002065897,19.847999572753903,0.0036520001012831,19.92329978942871,0.0386160016059875,262160391,524416,196608,13,1780.3199462890625,5150.1201171875,0.0448069982230663,0.0410555005073547,0.9751110076904296,0.9322119951248168,-28.36669921875,0.358132004737854,4.465059930680582e-07,0.9977440237998962,0.9977440237998962,1.3701599836349487,0.1486169993877411,0.0033757900819182,0.1492629945278167,0.8895769715309143,0.7748450040817261,3.3836200600489974e-05,9.093240009860892e-07,4.176389847998507e-05,1.5251100649038565e-07,0.8684750199317932,2.25,3.896409907611087e-05,1.5046499584059347e-06,2.223939895629883,720.0,5.047979831695557,8.802970086208006e-08,1.646429950596939e-06,25.01070022583008,0.25,3156,2523121818420644948,4120272,341.87561389,-25.65796379,0.0269911997020244,0.0253327991813421,56067.2726093,19.78030014038086,0.0578619986772537,19.547700881958008,0.002864999929443,19.75379943847656,0.0788350030779838,195035141,655360,196608,16,1779.9200439453125,5150.330078125,0.1079649999737739,0.1013310030102729,1.1014000177383425,1.0353200435638428,10.772299766540527,0.7284650206565857,0.0028584299143403,0.9977329969406128,0.9977329969406128,1.453279972076416,0.2072660028934478,-0.0115133998915553,0.2059029936790466,0.945572018623352,0.7863759994506836,4.445109880180098e-05,2.5720501071191393e-06,5.507110108737834e-05,1.5779899342760473e-07,0.8865320086479187,2.75,4.554900078801438e-05,3.5908599329559365e-06,2.3639299869537354,890.0,2.982569932937622,2.013709945458686e-07,4.126220119360369e-06,25.02589988708496,0.25,0.0132930536811406,,,,,,,,,,,,,,,,,,WISEA J224730.13-253928.4,IrS,,,,,1.6374988555908132,0.532699584960941,0.24730110168457387,0.3002986907958949,0.011087347221776867,0.005493683109128649,0.0045704057340870945,0.004641694662025946,-0.24360084533691762,-0.0905990600585902,-0.08879852294921875,-0.07530021667480824,-0.20609855651855113,27.110128619378713,0
